500
random
401
403
313
68
164
413
26
333
73
477
475
429
82
377
11
467
343
223
350
484
302
81
258
419
149
391
221
405
227
464
255
257
487
217
341
92
451
363
443
154
400
185
398
323
57
84
275
232
198
0
344
479
457
224
422
367
130
10
134
228
284
447
121
499
329
287
310
112
349
485
141
461
70
211
44
37
324
283
300
454
358
152
290
480
438
303
189
188
439
110
167
205
278
62
366
229
486
423
31
386
163
381
307
160
459
25
225
425
144
236
289
158
453
4
428
246
247
182
69
488
241
492
67
165
347
470
276
463
47
348
468
94
406
460
114
404
483
119
127
462
58
42
115
193
143
196
408
395
145
177
433
308
100
56
122
179
230
430
21
123
146
269
286
133
256
20
136
421
213
339
118
456
23
254
107
29
465
435
301
104
12
249
245
128
393
172
490
330
402
362
106
124
387
496
277
150
280
288
379
208
248
226
371
43
170
252
210
3
336
291
116
101
482
418
33
471
151
155
458
238
491
352
137
265
466
201
98
169
209
212
175
444
305
131
411
55
97
312
495
184
412
190
174
452
138
178
139
102
161
195
32
309
45
292
315
360
263
376
52
345
498
113
373
187
5
357
399
18
41
281
368
448
270
331
365
234
436
66
392
162
76
194
180
266
253
420
140
293
85
199
353
22
79
240
259
410
380
231
342
206
383
337
89
431
237
153
244
59
432
191
417
77
389
156
75
109
375
335
108
322
445
382
30
74
260
218
264
325
132
294
1
364
316
424
61
274
53
72
157
268
40
142
472
441
378
46
476
129
135
71
36
440
186
250
474
321
415
17
95
171
233
235
296
192
359
27
489
493
407
473
319
93
374
222
338
7
34
394
354
384
409
351
28
14
63
2
64
15
282
214
304
299
279
314
437
396
126
103
442
65
105
9
87
446
320
166
183
24
372
91
173
220
334
8
16
427
38
13
271
285
318
96
35
181
147
111
298
204
295
51
242
497
326
261
49
117
355
197
346
80
340
6
469
272
125
311
243
317
267
478
494
50
434
332
273
148
370
159
327
369
216
54
120
60
416
203
48
200
356
455
328
262
78
215
361
297
90
450
426
88
19
449
168
397
481
239
385
414
207
86
83
251
99
388
176
39
219
390
306
202
