10000
random
2985
2940
3202
4638
7511
9974
2066
932
2703
5703
8932
4567
399
518
4319
1338
5986
710
3495
6576
5812
2268
831
1432
1913
3762
9930
2873
8521
6186
9411
4417
3009
3163
5650
63
4613
5583
6443
7249
8090
4123
5255
557
7502
2789
9849
660
4621
3600
2486
8454
6033
1551
7697
9118
3438
1186
6547
4385
9020
6567
8780
4653
624
4291
2212
8139
2915
382
8019
9871
2490
8461
3330
2250
3380
8518
2119
5210
9806
748
2534
3205
1903
3869
6323
3198
7720
9173
5522
4066
4169
5743
7139
7197
2731
6835
6118
8836
3926
2169
1619
6838
3669
9006
9028
9169
4886
4057
6846
5471
5937
4240
7092
5873
6014
526
5910
1071
5530
8040
6618
4333
6199
9963
5535
6146
3128
8496
9361
8459
8274
6363
6112
3850
1480
1743
1888
2114
1596
2530
1341
5251
7979
5399
7685
4716
9892
594
812
2702
5441
3231
7398
3877
9653
4901
5794
2411
5531
8941
8937
4808
9396
3417
9620
7169
1658
5446
4686
2884
463
6251
5320
14
3304
9524
1734
3992
1075
4093
5972
2969
6106
7891
6194
7565
2707
6976
3075
4326
771
5447
6114
8898
6522
7226
2541
1209
5049
490
9284
9618
8304
7817
2444
153
3668
9567
7730
6280
4641
8807
1797
1303
5170
618
6635
8123
727
2168
7642
342
9122
5059
4950
1725
5915
8610
2065
2648
629
7196
8632
633
9198
4087
118
9096
1015
3651
8843
4021
7129
6969
4219
7229
708
844
5959
3586
8474
3751
1350
5646
8124
1643
4812
8293
2738
9617
8696
7180
5709
2477
128
1340
3066
3109
4316
7566
847
6665
8329
6546
3317
6353
8640
5523
1419
6824
5503
1458
939
8564
70
7460
7493
8546
5500
4778
5455
739
2177
2933
6848
1040
5891
4247
5425
4267
4433
7971
1261
1207
1876
6206
2993
4155
4847
9654
6
3703
8358
6072
896
6322
5819
3067
702
4714
3181
8125
3534
866
7770
729
9902
1771
3124
7458
1220
1124
9168
3713
141
5009
1121
6847
66
3550
2866
7058
2520
6233
840
2725
9019
8036
8361
887
9674
7161
7563
3246
2187
9638
6864
1426
1286
57
8190
5071
6601
3686
5373
7975
6645
1449
2851
6876
9343
2609
3524
4338
7153
6221
9628
2276
4444
4904
4512
6982
2245
954
92
6517
9725
7737
2654
8987
9746
3148
1896
7044
7708
3608
4838
1420
617
6318
7231
772
2579
6288
8112
7923
1865
6979
1170
8500
2377
3910
2737
5773
6330
8519
8528
281
5835
578
4014
2404
7694
7608
5048
2754
1002
1735
5163
1873
4883
7936
4245
6224
786
793
6299
1412
1103
7406
3386
2144
780
8547
5634
6798
2565
6085
3309
7908
6755
9146
6471
2718
2600
8393
6620
6744
2898
6527
3726
3872
5243
9447
789
3889
1525
3598
8104
6953
4257
5550
5647
872
7634
6726
6793
12
6608
6369
6705
4429
6411
4107
5032
2211
3758
9885
4764
3454
9905
8827
5091
5038
5619
2070
6539
3244
8805
3705
2928
9483
2326
6098
6722
8858
8134
4754
7045
6252
1166
8549
6500
2704
6405
1739
6548
2400
6011
7465
9128
33
2692
3389
3666
8637
5738
4998
1874
3031
8264
2383
2722
7456
3899
9084
9085
7288
3290
2184
5951
2358
4056
4428
9954
2945
8565
9994
7237
4293
3892
6615
6800
1611
9424
7513
7722
2303
3708
3918
2605
639
1864
6558
8915
121
1093
4096
2460
7831
388
4492
4979
5213
5217
552
4438
8348
8864
544
2432
5627
7230
5574
4568
1143
193
2371
5554
7981
4751
5756
5326
5011
2374
8237
9395
907
140
2671
3782
6614
5642
5401
9761
4068
3397
1806
8717
5249
4190
2274
9812
6056
4037
3005
3331
6145
4966
6358
4520
8032
7117
6564
6656
9071
8325
2936
236
5317
513
8050
9863
5370
1860
2923
7056
1978
7581
8868
1385
1452
8675
3018
8877
4968
8321
4861
3483
2850
1862
7681
3472
6116
3730
3049
6010
4814
3419
303
8939
4366
1550
8277
5389
5063
1267
7765
5118
7867
6414
962
2483
4261
3535
444
2639
3044
4018
9282
6931
7995
2947
8109
3646
5639
1838
4878
6637
4555
7294
213
6495
1976
4891
4921
8388
1884
3907
4474
8749
676
9216
4501
468
259
1930
1515
2959
8250
6505
115
1518
2410
584
7031
8673
8594
8631
521
6457
4411
8739
7081
4157
3403
7919
6613
3129
5375
4077
8970
661
6049
7944
664
1657
7789
9387
6016
159
7246
4871
5452
8389
8912
7470
7324
3801
9184
6825
1546
3214
9407
9500
7080
6201
1210
4510
8228
6503
9833
1572
5766
3680
2532
8369
3674
149
8822
6680
3136
2247
1063
6245
45
7142
7298
9147
3470
615
75
9102
2013
2191
8550
3451
9522
1659
4055
7248
1305
1442
620
1150
405
5075
2112
3594
8095
1376
922
6607
8384
7860
5993
6952
9642
1893
250
8186
1548
1065
7679
7727
3945
7432
2005
4700
6007
1201
2893
9670
6672
8869
4179
1297
7507
9182
2413
99
7037
3814
4768
3653
5371
6971
3362
6843
8394
6004
2062
1934
1560
9719
7374
3590
4349
5580
1239
7027
2487
7363
6691
232
1083
1203
9045
3358
652
1633
917
8140
8489
5517
6254
6317
7099
6486
2287
7156
4264
4706
7187
1723
1174
4819
2755
2181
7144
7019
4097
1096
9729
8781
1
6139
4231
6906
8678
9140
5505
8437
3409
9723
6945
5183
3768
2590
8812
6736
856
8608
6787
5643
228
9571
7428
1327
9512
9295
9635
4390
8253
4265
3830
3734
7205
9155
5871
3995
8138
5
8282
5254
5159
822
295
877
9350
2223
1319
9335
6625
5518
9273
2012
9645
409
4874
1128
4920
6356
2888
3913
8102
8734
8223
9318
9950
4707
2049
7418
1915
1497
9755
8149
3137
3235
2115
6021
6844
9271
2376
6327
2036
9114
9157
3985
9707
5473
5107
2992
8928
8862
6537
3341
770
7890
8792
2204
4138
2228
7213
7950
8106
1922
879
8173
3824
3544
3475
7816
1812
224
261
908
1783
1905
4806
1299
963
8514
2879
7488
7883
1067
3845
5568
5721
1107
2757
7359
5354
3791
3551
2739
3026
9347
7113
3804
3292
8405
2766
6156
3660
7758
2594
3110
2387
9414
718
3948
1917
7255
3971
7338
1082
1531
4940
7807
4743
3604
487
1488
3793
4100
7381
8725
9569
4076
4234
7541
6472
4850
3115
9751
2157
1026
5851
9574
8111
776
1254
7315
3789
7592
2406
3274
7875
3131
2494
1038
3769
4012
3531
7403
7149
1010
2834
5843
3264
8531
3056
1230
9773
6485
737
7741
1073
719
7928
1836
7106
1649
1019
6258
9033
7716
5046
2430
3834
6997
7245
1627
7312
6117
5878
5301
5025
3042
3977
7660
7600
8504
16
6022
3823
8372
5386
2865
1017
9189
3641
5724
5543
4573
3404
3299
9913
4003
7969
7963
3177
3870
8737
5989
4112
459
5894
476
1334
3247
3027
3555
3857
9431
9312
4078
1623
7590
5429
7304
3479
2328
9639
4879
2686
911
3573
3164
5444
9351
7290
7996
585
9364
5914
921
5844
9542
5178
332
4276
7597
707
7960
4623
5870
671
9160
1431
3449
9784
680
5286
8736
4022
5901
268
8213
9046
9417
842
6172
8908
665
3487
2741
3698
515
4375
3737
1278
8031
5044
3739
5683
3349
7371
3039
5822
6185
6415
5640
6913
265
8113
6796
2380
1698
2547
801
4564
936
3683
6515
2496
5601
9141
4203
4313
2599
447
9548
4810
9052
2142
2068
9602
1752
4373
8068
6335
3035
9519
3114
2475
9837
1262
582
3712
7651
5438
2381
3561
8817
8342
3088
4
7223
5737
3954
2562
433
2978
7691
6972
3764
9844
253
4146
1443
6805
9000
5419
5716
6860
6137
7637
1655
5597
7369
9490
5907
5571
3466
308
9337
5566
6900
2998
3441
3354
8260
9632
2442
3073
7391
2198
8345
1825
8236
7089
1867
7454
5717
7886
8598
4586
7901
2728
3795
100
9720
9390
8674
2990
7978
3848
7564
6052
3211
5486
7333
9851
4695
6421
1543
9258
6083
5815
9438
6448
3522
9060
5423
3998
9629
5456
9824
6394
2942
1490
6493
4730
1392
2682
9977
5298
6489
7077
9770
5413
2773
5754
8726
4958
172
608
7192
1259
5152
9267
6749
6158
8004
3459
9475
5927
8456
2699
3599
3298
1178
9604
2901
4307
7239
7010
8607
1008
6417
711
3329
8959
9276
6406
3994
3328
7158
2917
5831
7825
9426
8000
2037
8344
2126
5593
3939
5102
6742
5617
6231
7475
8440
899
8533
965
4080
274
6273
8421
6707
6962
1652
4723
2680
725
1457
5787
8088
3221
7972
9278
4896
3701
445
2241
7006
4412
2104
7857
5881
1936
8128
8204
7626
264
2617
1185
5485
3099
2051
7480
4173
8820
9230
9023
5850
7648
9961
3723
2495
6079
6792
2409
5020
6918
1413
8854
691
464
8870
6579
424
7459
6268
5114
2861
2943
2349
7368
4710
7917
7796
5353
7364
9342
6605
2064
1602
1214
6509
9265
9185
7865
2640
8051
503
3867
8536
5705
7094
6857
5092
3585
4052
3095
7131
4473
452
2916
7340
3429
8155
2581
607
5460
9672
5747
3138
2529
612
1569
7585
6588
9626
9073
6569
751
2524
6819
221
1612
8538
450
977
3283
5744
7250
3465
4045
1395
3488
9493
1547
7419
8554
11
8562
6395
1714
1238
4394
5369
6643
4384
1746
3174
7549
7607
4095
6487
6259
6281
9430
3398
5282
390
3861
2604
5551
2890
8133
6930
5700
6223
9413
1678
7354
302
6176
2772
8957
4206
7442
987
8182
7071
2178
3860
6370
8715
8490
6203
4672
3098
3105
7582
5440
9588
4399
3593
5220
7957
4684
8529
8837
4340
483
7706
300
1679
3796
3856
5144
2235
1536
2786
8089
416
8380
6217
2735
9646
9735
3681
1482
6727
1514
2742
6321
4801
2819
6023
1418
6188
7871
3011
3069
3240
293
2636
3250
2225
2007
849
4617
8276
2903
2675
2132
6065
5775
6890
2677
9731
8175
4244
4120
986
6709
643
5265
6269
285
5648
8947
828
9097
3490
2842
7453
1727
446
7661
3455
6986
6289
9246
7709
7555
1046
5475
9680
7319
5590
4119
9039
167
7577
2275
9804
810
8811
8377
6001
9897
642
7947
9291
6220
5363
1266
6497
4147
1670
4821
5753
4722
5838
9250
425
4064
7372
8984
9711
1571
2862
2095
6123
5433
4277
920
6638
6730
863
2806
5968
6315
6702
6757
72
6150
603
8502
6143
5335
6712
8841
9320
3754
2853
3261
4455
5934
4929
3494
2960
9916
3873
2885
7584
6851
6490
6492
5113
1415
89
2075
8712
5883
2467
6677
8247
7823
9518
7328
3691
8569
6291
1485
7900
7776
5290
3815
5977
6743
1321
5033
3323
8609
9166
4559
431
3731
3545
9976
5733
3463
7301
4678
3648
6064
326
6445
8379
1590
1793
7683
3881
3923
6853
4637
9330
4869
1006
5489
8426
1675
7347
5858
6966
4092
8614
682
4717
3802
1291
522
6731
4895
7116
9727
3395
4669
553
5592
8457
6412
7482
3239
7696
6328
5205
7401
8243
9319
1061
1281
3898
8441
5123
2251
78
938
8013
2716
6894
43
4142
744
4569
2864
1528
1672
8152
8470
1375
1466
4178
2809
6571
3929
6162
9167
9202
7062
3182
9857
5707
8541
3307
7818
8136
9047
2833
5463
8641
1260
9989
8694
8196
7751
1760
8203
4426
3833
3102
6210
4675
1544
5924
4664
2814
935
3242
1573
9053
1092
6039
8544
8510
2516
2122
5913
6814
5464
9090
2367
837
4040
2189
2397
694
8451
3390
5890
2193
2318
7570
7073
23
3055
6836
9841
6110
9710
2416
3927
3584
5802
6701
2127
6166
6901
6378
2567
1973
2709
381
6060
6908
7382
8899
5686
2935
3188
5340
6142
3596
560
1106
6786
1962
1296
9858
8561
4725
2572
5711
9266
2876
3050
4505
898
3406
9509
4300
5565
4900
1507
8023
7958
2791
435
8385
779
1713
1165
3287
1553
5633
3752
4912
3613
538
5406
7302
7922
249
9684
818
6341
9391
4503
8591
4211
2892
7047
3537
7832
1343
9675
2787
7631
6354
5337
9385
142
7662
8065
7828
7514
1968
6874
1129
9389
5594
8982
1591
1101
6648
5070
4516
7959
7011
9811
1489
1044
1193
8460
8401
7430
8154
8828
456
2679
2167
4627
4031
24
8964
7385
3855
2160
323
1565
4355
2776
7448
8231
2614
2043
5131
3930
3981
1459
2390
3022
4500
4780
4439
4685
1522
2602
8047
1715
2078
2596
947
6885
853
5544
3784
7360
7028
3808
207
3993
573
3914
6017
1219
9505
6437
2135
728
7001
7367
8962
2356
559
2804
3902
3424
4354
5899
2510
8172
2469
5706
1677
2818
9087
8131
8784
1613
1251
9151
2473
7780
26
1057
3226
1632
4188
9092
4063
8800
3879
975
5696
2644
3288
7508
1396
8041
8776
5252
4386
6399
6788
2907
2905
6171
8045
2033
2282
4761
5445
4824
8450
9875
255
7417
2260
9333
1153
6446
9070
3023
7494
746
8668
4454
3151
1971
6737
1603
2426
1999
7647
679
7937
1149
6943
6208
6287
8145
5532
5031
1592
6132
1542
4391
7629
3492
3096
6148
4418
1782
9713
4508
1318
531
8893
7739
9568
2116
7050
6484
757
258
9641
5698
1144
1843
9845
4430
4272
6075
5558
3418
1493
9292
6552
4175
2988
9613
8478
4984
4583
8473
8480
1839
7136
8714
8913
1842
8414
8999
3538
8130
2663
2343
3391
7018
888
8420
8613
5061
3687
5036
9820
5302
1744
4591
7878
8806
2771
4580
3192
549
6348
6682
352
8462
430
8527
195
9029
6195
6840
6598
1189
7756
8284
4732
7165
6935
225
3652
7268
9791
3634
7869
9935
6807
6911
5745
6968
1563
1255
3858
4225
4205
2537
8682
6225
8386
5950
6377
7424
5930
741
4212
6634
9117
9329
6247
9873
3364
2457
5383
5014
7989
180
7677
8296
3090
546
376
7112
4746
4779
5708
4342
2664
2948
5146
1068
8733
8126
638
8212
1877
5294
3453
745
9379
8718
2517
4797
4699
7799
2608
3270
1145
5323
5477
8396
6679
4513
196
4331
6050
1004
1796
8042
3396
7143
6196
6261
601
3119
9463
7244
5431
6912
9149
7238
6367
6530
8557
6387
6096
6047
1066
5161
1436
4073
9521
3312
2587
145
5324
9254
6343
7953
8181
3859
6940
2372
9471
1085
1168
5120
3976
3636
2871
3306
1552
2422
8103
9095
1900
3059
6334
8290
8142
44
1645
1682
7845
4577
3141
8954
7266
1372
5919
2313
2601
5073
7847
9285
6480
8227
4836
7276
6833
343
6891
5412
2489
7726
8778
6393
7884
1990
1707
39
5372
1919
1794
2094
9523
1883
5906
3428
6460
6037
1345
5098
384
6091
4600
4524
8907
1535
2965
5016
928
4734
1325
6771
1987
7343
6565
1190
1575
5563
1988
7700
2317
2996
6699
846
5310
6213
494
6422
7768
3570
317
6397
3135
7787
2340
6820
8783
4844
4441
1921
5244
1935
4654
36
9777
373
7481
5679
8936
3311
9223
5771
2373
5778
8791
5101
2637
1751
894
3361
1788
9683
8793
3811
9809
8487
3864
5112
403
5380
6855
6502
832
5975
4437
651
4013
539
4550
6160
9217
769
9368
1753
6523
9788
9237
4781
6959
1594
1072
8201
2803
1146
8378
9239
7035
5422
7535
9895
5350
6538
6974
6977
9253
8119
9305
2015
5110
4258
7839
5089
7357
297
9238
3414
3006
5330
3563
2970
2783
2174
6834
5697
6320
1636
7671
4976
3381
9472
1940
9862
6580
7145
3165
4074
9126
7048
3315
8287
9454
49
3480
7474
5253
1048
1904
5607
451
2823
7490
4401
7980
1763
6234
4996
760
9556
5869
432
9865
7786
8370
177
4659
9510
4405
6473
6688
3443
9671
3938
9004
3627
5385
8435
5606
1704
5994
8120
7191
2740
2758
7546
619
3597
945
9538
6122
1721
8011
6155
6256
7938
7291
9344
8720
1300
7070
2868
8308
2513
7167
9056
978
1354
6209
5796
3033
8863
2087
4457
5694
2214
4325
8701
7342
4860
2655
28
9704
1378
1152
8960
3078
1087
4980
423
7233
4309
541
7595
6136
8226
3010
2953
592
1680
4877
8434
4787
5124
9356
8775
8063
2695
1789
2561
6652
4865
4579
3736
7833
9999
9985
3661
182
8198
4487
3143
3048
8972
408
2576
1967
3348
3940
7754
8929
9848
1540
4054
6042
2759
3367
5021
4351
311
2508
675
5840
6470
229
5209
5192
4705
4160
1094
7517
3014
1383
1785
2124
2333
3149
6777
5908
30
4483
7500
5499
3610
7214
5292
7303
3576
6077
7915
4440
7879
6506
4141
8603
6988
6253
150
7863
8485
5258
1692
1029
8955
9083
8035
9224
2511
3425
8713
3934
2848
5034
4856
1217
9698
6624
3546
4919
1833
2146
6184
2668
6773
4607
4115
3464
5211
9971
4387
5142
9236
3366
5524
7065
6609
8285
1148
2899
6510
7049
1745
7041
1637
8003
7054
7422
9703
21
1732
706
2438
4619
8048
1559
1492
260
5723
813
8782
4701
7148
9473
7322
4268
3101
8294
8383
8132
5579
9232
5479
7178
2925
2531
436
4910
9402
6236
5757
1275
2895
4554
4581
29
5615
1814
9262
7594
9984
2197
5137
2932
497
5649
3337
8100
9941
199
1664
2540
7174
9106
3219
1172
3932
8721
9867
8093
1640
6642
4070
528
276
1702
1131
4288
7479
1726
6309
762
3729
7939
1091
5682
8679
7973
2355
6775
5160
3277
7798
1222
9730
5405
5065
8768
7907
2138
4404
4793
6578
6130
6182
956
3086
4463
5076
3019
9082
7002
3373
6653
1353
5792
2170
2035
7499
9499
6732
9119
2875
4019
4102
7039
1252
122
9603
4158
6357
5829
5555
9196
9615
4322
6795
722
9528
8985
816
7819
1662
1823
8845
565
5234
2125
4263
8339
1897
6560
6028
1224
9866
1487
7655
2136
8766
4990
8375
1697
7506
5862
214
1494
4128
3293
510
1993
6577
6087
9678
7497
2796
5313
4458
7593
6230
2624
8265
4452
8178
7861
4099
9007
1473
7815
8884
3606
1717
7253
192
6214
156
5416
6922
8779
8263
3416
4532
2598
9498
6866
4576
1234
6383
3667
5168
8044
2920
244
9525
4785
9015
8892
6514
4735
5030
4302
1479
3126
551
5490
2909
9415
9229
6190
69
9418
6429
3865
6044
8831
3591
3662
120
9537
5342
733
3777
684
2118
9503
6873
1566
3987
2586
6408
9309
8037
330
1439
9555
8057
6508
3210
80
6151
5202
7974
461
606
3803
687
2681
5482
1798
448
646
5651
1077
604
6572
6336
5465
2912
3197
2606
6305
7850
7905
2569
1504
9934
305
3908
6519
2398
1945
8859
910
9322
5672
8911
3568
1786
8978
4103
9665
4563
4356
5418
927
5327
3316
9124
9275
969
3378
994
9817
7742
6105
2408
7646
2700
5207
31
4551
9597
4906
109
6319
471
4507
6951
4159
7748
4650
6290
8975
7198
3852
2552
7425
9980
4069
2445
3704
1258
4736
6144
8191
7261
7760
2342
8508
496
8810
5409
3565
9066
3344
3786
5699
9093
47
5892
6059
2745
4262
5670
1681
9648
5106
9428
9724
7087
3589
1849
6693
7611
662
256
474
7463
9072
2761
6639
2110
9767
8587
6683
2093
5357
511
1754
7390
2401
3220
590
3320
3664
7892
8573
7000
8062
6024
5795
2824
9589
6285
8685
5839
9021
4628
4645
9650
3225
6133
2685
1512
8403
1382
6306
201
4545
7247
1769
3529
3775
2229
3123
9507
8288
3291
216
8254
6235
6667
385
1104
3469
3474
5126
5854
5306
2217
1311
1134
7478
1866
4572
5228
1401
7852
4947
1824
2107
7669
7269
1274
5226
3800
2507
566
7307
2019
8266
1555
5628
989
1379
9491
4777
9643
2219
6292
71
5480
7537
6599
5746
3140
2479
527
4606
230
7843
6967
8075
9180
4629
2794
5116
1156
640
4144
4981
1701
286
2573
9179
8692
3321
9313
1850
625
4816
5797
7130
3689
9769
5015
5279
6276
9795
1924
595
1966
8221
1693
1181
3155
9115
5645
9027
5333
2394
9213
2060
1933
6692
8516
103
6300
6664
5880
8753
3400
2293
2820
2257
3890
5090
3753
9367
8904
5823
6347
5166
9702
8
2232
9297
1762
4542
8798
8881
6125
4526
5296
1377
5732
3525
93
1854
9191
668
5945
3942
998
7591
5218
8076
5088
8815
233
2711
1157
4471
861
9283
1381
6071
314
38
5663
8605
3997
6831
1208
1447
6948
6852
7675
4271
2472
774
1853
7468
4603
493
5231
3476
6723
2881
4468
4207
1802
2243
3265
17
8585
3166
1467
1634
5582
8307
2643
1880
2645
9453
868
7824
6696
9489
7859
670
4719
6985
4020
3637
8269
4843
9303
8009
472
7736
5023
1169
3809
8234
4915
4742
957
2021
7571
306
6469
8773
827
9494
3401
7612
3499
58
9416
8794
3986
6513
1667
8866
1835
628
9400
5148
498
5598
284
593
698
3617
6138
6468
3501
4420
9664
5767
743
5141
9847
8729
7412
7749
4952
3536
5816
7189
1576
8306
7988
4126
7782
9911
7533
8279
3041
681
8498
5095
4427
1366
2350
2501
7379
4571
349
1807
3526
7687
6740
9456
427
3654
4396
4122
5119
8477
8167
6390
8073
8331
301
5037
2827
2515
108
6218
8796
2717
9467
3040
2566
3779
1855
678
3071
2983
2034
1845
5241
5005
7601
5820
6061
8320
6420
60
6821
6869
325
9551
7240
9048
6942
1624
3991
6067
3677
15
395
5944
2023
7270
2691
6808
4477
6674
5616
6529
1638
6646
1036
7690
5367
1647
7415
8593
9891
9933
6818
8621
2615
2497
6926
2137
61
5397
7672
9803
8240
7873
348
6752
3696
8902
8961
3761
7838
9399
6871
7408
3385
4409
9174
8976
6413
4995
1362
2396
152
1983
20
9409
742
3142
5928
6927
6534
4945
2459
5609
1818
7395
5195
282
2131
5863
7887
3622
1709
1650
6345
8799
3407
6884
3714
7181
8646
6107
6623
5191
2298
1130
9261
3903
8880
1228
3234
3866
1256
6401
5156
7912
1221
1171
8064
7349
3440
2147
6526
4815
5935
2108
5545
5665
5064
3173
5788
5888
4536
2751
1450
9296
7110
3080
7657
4523
9300
8484
9513
1994
1332
5936
9772
916
2886
4422
2911
9506
6481
9171
4025
2974
1777
9270
5261
2857
3157
2480
6934
4683
7264
1307
8834
9739
5028
1628
8257
1014
2419
8061
6733
9026
981
4370
1079
6676
4030
6622
8217
4414
8418
2002
4320
1213
4864
3384
5483
3016
7182
6809
2973
9647
4954
8649
5388
4726
3208
1683
9439
6372
5236
9423
1158
8425
6121
9681
1938
9655
4889
9741
8014
882
2770
7559
6193
6501
5860
7547
2278
9380
7841
7994
6108
4884
545
1954
1929
4527
7954
2200
865
6910
2154
5677
8730
6040
3788
2493
6695
9495
4534
5662
4599
7713
8443
3485
1801
4592
8556
8761
5874
4253
6384
6626
7441
4027
4930
2073
9200
234
8381
6960
7355
9101
520
570
154
50
1202
8432
357
6644
5691
3162
8589
4377
9721
5245
5781
4772
4301
6498
550
8969
4934
790
7404
909
3054
1302
839
467
7184
6312
3285
3076
4897
864
113
6205
7486
1944
2202
7033
2425
512
2085
5407
1162
3578
200
516
9511
3718
941
3956
8407
6738
9315
9944
4048
7639
9018
732
4665
9912
1758
5872
3770
3999
7378
7409
7602
692
7744
1364
6774
8839
9193
2028
8245
8302
3716
9981
1887
1803
2277
5687
8558
5755
7906
8214
8411
7356
4582
3958
5542
1810
1656
7114
7251
5085
4364
4712
9612
4831
5495
5556
2720
5846
1871
1465
3342
3097
1368
873
5247
8923
9990
8977
5995
1269
4089
238
329
8096
5129
4620
8722
9625
4702
9920
3223
4518
4937
5512
3957
8137
8099
4615
7524
4050
1441
475
881
9408
3925
2724
4788
1960
7429
1476
5391
2956
8900
6586
8699
4840
6880
1289
1564
7668
3276
8958
5965
1577
3103
892
8158
7774
4642
997
9850
1138
6204
9325
4758
4556
453
5351
4618
8883
4769
6174
5174
1625
3812
8251
654
7038
4923
2613
6404
6875
6868
3132
5448
7330
8143
4229
6450
3062
7523
7377
6081
3579
8070
5657
4755
9197
205
2877
2218
1820
4062
7026
589
824
6647
7596
5138
168
7580
919
1687
3260
2939
4671
3196
377
1030
8759
2044
7614
8681
9420
5052
6957
5227
2209
3084
1898
169
4447
3528
296
2750
7021
8765
9948
6785
9696
5572
933
6813
1756
3257
8015
8716
3127
3327
9228
4494
3072
1406
7620
4740
9324
5921
391
454
7157
5055
8098
6488
3477
2629
8710
1815
267
4519
5288
8630
7894
9478
3241
1673
3486
804
2301
7095
3236
2421
3618
4315
9449
2281
2839
7334
5081
2096
3154
8844
3081
5867
324
3963
7102
4997
1390
7022
6431
7016
1021
7897
8657
7007
6983
415
950
473
9088
9373
3553
1653
904
8559
2196
5808
6611
8943
1593
2284
8916
6249
1916
4632
8788
3372
79
3740
5143
1430
2316
7613
4521
8522
9077
1397
4955
5564
3629
5187
4803
4046
1012
3539
3964
2580
7241
7207
5155
1076
3970
9624
5467
5552
4163
247
5147
4741
4131
2626
4914
4235
9293
9595
6710
8891
6882
84
1689
600
4514
803
3818
179
869
7176
9590
1669
5720
6163
1253
3765
5857
8438
1925
1610
8992
2922
5940
9375
6055
6956
2748
6260
7797
1355
1016
6673
1112
8933
7930
7895
6296
8953
891
8832
5929
2995
6211
1196
8645
7154
8445
62
7738
4065
4332
5964
9631
2882
9577
4925
110
2574
7862
3068
364
2334
7846
4866
8501
5955
2780
4658
3091
2753
4766
4388
4110
9855
1118
2057
1199
5510
1370
5378
9448
9158
3893
3382
2799
9622
1984
5459
2231
1461
6690
485
6881
7961
8910
9434
5948
7688
944
3709
4470
1315
7962
6597
8303
3721
9100
212
6153
9815
1271
5635
8230
953
5739
9469
420
7256
663
8351
735
3224
6915
1304
8353
3232
8570
8886
9362
32
2195
5319
2840
993
4154
5943
8760
5077
226
6575
5066
8889
3156
1604
6337
7615
9919
4282
6311
4359
3659
8639
2386
4421
441
2308
7375
4246
402
9753
9868
6241
7040
5222
6920
1043
8920
2018
6207
1979
7804
8010
2090
7968
1570
2550
8973
5973
9227
8222
7536
1642
1738
4392
4482
9355
5325
8205
2835
9965
7802
7402
4028
8503
6799
808
7188
2454
8275
5189
4933
7788
6566
9747
3533
1020
830
8655
3176
5946
3901
6120
2583
1444
3046
6070
7168
4636
7138
8368
3965
9559
2690
406
9886
5791
2967
8848
2424
6585
3503
2657
7645
394
2001
4088
5365
4737
8592
4992
7399
7693
5599
2481
3359
2192
3152
2370
8362
1097
1869
1428
1374
8002
9601
4083
3733
4378
6535
7920
2852
5690
1264
7098
6666
2010
8809
235
6073
9445
9663
1731
6955
2165
6816
3805
4137
1513
7305
6308
2854
5299
5570
8356
4187
3113
8711
5390
6494
1951
1616
1705
4651
6525
6461
5704
4051
2446
4168
9156
4566
4462
7778
1227
1686
1799
8180
1965
9231
8702
1365
6452
5573
1167
231
6684
2808
7755
5847
4749
2585
1500
8856
3482
1879
9441
2642
2855
4044
3271
2434
241
3052
3065
9756
7105
3862
7752
4308
8382
2153
7498
4872
6359
9112
7684
4862
5428
4368
6898
3322
387
4765
7913
6008
5631
1868
1276
890
2764
9130
6763
6240
9774
8169
8572
1911
8012
5257
335
7107
2084
131
125
4681
5305
8162
4150
781
9715
9956
257
2474
2279
3742
3015
9780
8963
2306
347
2938
6426
2345
2696
6859
650
8861
107
9975
2548
7437
9233
7761
5276
6745
5003
1352
984
4538
2261
4278
7484
3602
6368
3507
9700
3343
6554
4989
3258
889
1088
5511
360
3213
792
5179
7505
5442
5410
2732
5331
4828
1160
4786
7285
2071
5790
7794
3215
6068
1523
6407
6661
644
7234
6589
2558
4002
9477
8986
3778
6776
8949
5215
8428
2428
9440
313
7680
4098
6082
1644
8452
3326
2632
6090
4266
931
9067
7341
4887
8705
897
8183
1761
796
9823
8029
5515
817
749
7616
3975
1539
9298
3310
8786
8233
1770
8566
6054
2592
8636
9778
2736
9110
4747
7389
5833
2468
6385
5225
2128
9452
7461
9328
3093
6266
9957
4079
9371
1405
4549
8606
5042
6789
8628
2267
6454
2825
2414
5941
5235
3763
8241
3043
9864
8852
2577
4105
3746
4851
3972
2451
6582
6551
3324
3187
6239
7455
9586
9527
178
322
2719
6339
6970
7698
6009
1421
3757
5785
7447
9008
1402
1847
5344
7370
9541
2273
5758
9781
4497
1050
3467
1309
9796
8156
2435
6654
5947
7125
1901
8202
9576
9843
7076
4820
7904
1474
9951
8340
1892
7435
9451
5713
9995
1282
6897
8751
2046
5462
7216
906
3735
2619
9992
992
4033
4688
8330
9405
6936
5557
3269
4367
1333
7783
8974
6180
7055
5954
7809
5519
7803
3982
4932
6338
9856
636
7061
9458
5879
3338
1231
6685
318
4484
8703
8745
5984
8354
4101
6739
18
7464
1982
3002
7724
2826
9076
3146
3978
1932
6636
7633
784
5652
4993
5304
4696
2190
6381
5362
5741
6590
4254
8232
5266
5154
6274
3302
8532
3117
4442
1908
1808
7093
1308
7317
1881
8634
9909
7300
4610
721
6856
2365
8427
6964
8262
4419
7983
8683
134
7587
9107
319
5918
7636
6756
905
4117
307
3393
3008
2163
2092
5355
2976
2775
9242
9002
6536
5132
2955
7313
202
291
9012
7777
1912
8838
6416
1109
1712
8392
254
269
9109
2784
3639
4465
8537
7314
7439
2957
2894
6355
982
2897
4759
6863
2910
6630
4086
9659
525
2139
5638
7141
9370
3356
8560
1574
1538
9486
2927
4475
465
8071
2461
685
7284
8876
1409
2324
5272
2554
8826
9446
556
8540
5111
9553
2698
6006
2402
6284
9676
6173
8453
1233
778
9526
358
380
8835
4481
1558
6113
2299
5026
9032
1290
6766
8804
9906
6961
1380
4948
7122
5689
9765
773
4531
1970
299
1581
7287
8163
9737
6277
5359
1759
1163
8219
2822
8252
111
9187
371
3175
102
9932
2623
3657
8055
3836
6283
9584
3792
6657
8108
5855
7650
2
4200
3513
3422
8583
7032
3915
8349
130
7558
4034
637
8604
4796
6183
926
3284
1750
2106
2471
1882
2194
5421
5885
930
6998
2667
3481
7297
1556
695
5297
8840
4974
8601
117
4283
5911
799
2290
2701
3353
2220
6870
9152
4238
4199
2443
7868
8184
5629
2651
1648
7888
2666
575
6434
3821
1524
3587
6025
501
9928
4061
705
9880
6760
9633
6803
1323
6993
2000
3807
8732
5458
1456
8625
9779
5999
5289
3715
7286
632
3642
7835
1699
517
1639
6329
8615
7119
1795
4661
9579
9464
1313
6958
1948
2439
7707
1986
9640
1034
9255
5610
3446
814
9005
5377
5086
3921
588
3787
1084
5177
9211
5803
5453
4604
9089
1435
9388
6938
1952
7929
7955
146
3237
4223
8200
2266
2097
5387
5488
2431
7554
3047
7790
5402
5836
2199
2319
5491
2067
5909
7361
429
8322
208
3837
5100
1005
4971
8165
2253
8235
4728
3887
9360
8647
1766
4528
4026
2746
8491
9314
3460
5702
4184
6389
4380
4192
6459
5068
3747
7380
1534
3120
3207
1200
4424
3434
5668
67
7199
1422
1205
1055
6324
9922
4009
3013
3806
9835
1498
3626
6662
4739
4383
506
5868
5547
6167
3790
9105
1764
4605
4575
8762
1212
3798
2622
4041
9245
4965
7743
3500
7618
2448
8429
1781
2584
9016
9436
8164
2302
9592
8177
653
852
1035
6111
5024
8289
504
3383
8085
9382
7557
9585
7635
7388
7134
1918
8238
4646
4626
2849
7617
2314
8146
2148
1614
1598
9215
4708
7625
1270
164
8060
7992
8687
9317
5731
171
7573
4852
1720
1733
4539
6433
9304
3863
355
6263
6104
8578
6678
6063
3387
112
7127
3720
1105
7150
2506
5336
4228
924
7827
9113
9752
6889
7621
6400
5281
9397
8105
3911
943
8159
4237
25
3509
3437
2208
341
5176
9108
8616
3941
64
3632
4156
4624
3966
6729
2155
48
4350
9621
8295
9514
3206
7531
2774
3377
9218
2216
7126
275
726
3717
3038
1554
4446
7538
2289
4663
4763
5759
1054
5538
8220
4299
3843
7152
7376
6478
5776
5417
5193
6669
8006
5923
4432
756
6140
3827
802
2183
6950
5200
2161
1478
1608
988
5343
7740
8449
6350
5664
8430
2292
5768
1119
9889
8665
1056
1477
8150
9326
8244
2874
8724
1211
4676
3447
9693
8719
5967
6344
7704
9594
2364
7718
2589
8769
6298
7603
9235
1257
4226
6587
1914
7281
571
1972
5229
3671
3218
627
9783
2782
9927
4284
4892
1730
6242
3248
2902
6464
6528
9566
5497
8700
1393
7036
7344
8129
7674
2986
6333
5620
1890
8553
3984
7365
1417
9877
1956
3917
2145
6954
6628
4145
5548
2331
1533
5468
7678
885
1301
7870
9666
2658
9771
4043
8336
5017
6747
9065
4718
9608
9274
9685
4402
8117
8024
753
5966
4792
2017
8663
4625
7137
9214
4182
1584
8942
6159
6941
187
1886
509
5981
2304
5312
9346
6992
6272
5212
460
666
1099
5439
9209
3506
7135
9331
4798
3158
4480
5184
3394
6883
7503
163
9534
4870
3061
3577
5931
6360
4425
8001
1161
8364
8706
4193
9221
8255
7548
9744
3895
126
5644
4533
6583
1516
6066
6499
6265
1521
9832
9190
8359
7830
4782
5730
4677
8735
8507
9204
6879
3542
7195
3621
6134
569
5250
9946
5364
1328
7335
9201
7194
602
9461
7806
805
3692
983
4104
850
7712
1626
795
2240
2341
3333
6342
9323
9249
5632
6430
6518
6346
4185
1247
9760
4495
9393
2790
1369
9086
8397
160
8777
6402
1320
3004
5097
3819
8412
8968
4336
9289
5760
7510
3744
6100
8110
8144
5232
9749
7258
3060
1996
176
3935
5693
5520
1223
9591
5470
5072
479
3612
4694
7296
1562
6822
7876
8797
363
9782
7943
3547
2543
2354
4986
3583
466
9838
9381
2557
5509
7747
5600
5208
3204
7667
3186
9738
8350
5332
3532
6080
5774
9010
9883
6215
2182
8297
4790
9839
4848
4435
6216
3351
8371
4826
166
8466
3955
4361
4789
6475
5185
8684
5180
4748
7855
2151
2997
2785
4590
2571
7909
3296
5270
2656
2173
8439
9485
9470
2205
7177
3496
7108
4922
4360
8517
540
5527
7282
3295
3816
1245
9339
7243
5006
5204
8161
2310
5784
9353
8623
1491
1829
3732
688
3335
3973
280
2525
8743
4680
3684
724
7267
960
6444
9225
9822
5329
4220
6867
915
3193
6229
942
8618
8151
8524
9717
9455
2296
312
6858
8690
5128
9222
5269
2652
4935
9878
1527
1140
1688
2024
4802
8026
2391
1155
8417
4448
3706
4916
6963
65
2811
55
6458
6772
7530
2058
9532
7932
6069
5041
1920
5626
6362
505
1074
175
6373
9565
37
5135
8301
4071
8952
4552
6996
9104
5345
7911
9501
8052
2977
3697
4988
2455
1410
462
8965
2338
2941
2744
2053
4434
8917
7808
2847
1361
712
6553
5275
1706
1580
4999
8216
8752
8755
5725
6627
3121
9075
4456
2837
6999
4256
8545
6029
4691
7856
6038
6541
5830
7069
4807
6382
6697
6617
4731
1663
407
3209
4346
3540
2022
3609
4111
4757
7452
2672
7218
442
4927
4744
5284
188
4241
8463
9668
3967
3839
119
6409
9492
1501
8669
9658
3702
5761
3297
2610
3690
4015
2693
7492
2129
5667
9099
7689
3376
9562
4324
7111
4753
2172
5845
1532
3029
6331
4290
7387
3951
5798
7772
6531
5718
3
2215
9967
7842
6907
1568
2846
583
8271
4942
9043
970
4118
9978
3275
2113
9636
1024
2727
502
6811
9787
6246
4139
5260
7362
2249
4362
3924
227
8281
8620
4164
558
876
1408
7220
2570
9694
5793
8652
9480
7396
9543
7543
3694
404
4963
133
5411
4648
2756
7339
7293
2798
4608
9427
3743
3167
5271
900
5912
8033
5567
1813
9310
9689
3835
7729
7476
3457
3673
1373
6878
8171
5604
3025
6782
8272
1090
2447
9481
8211
4269
8069
417
5027
2781
4242
2634
1718
5004
8497
4898
9444
1206
251
3575
1910
8299
2647
8399
2385
4067
2810
8053
9545
4153
6442
6314
3508
3655
5513
6304
2353
6441
7552
5528
2156
7392
734
3959
8590
6128
641
7889
9701
2492
5903
7411
3092
6093
4335
3190
7956
3685
5099
9881
9705
7583
1595
132
2348
5824
4939
8754
6783
7934
8483
2009
9302
7091
875
2222
8335
2509
9914
9003
6095
1064
1894
3897
5104
9159
5621
5622
5898
96
4081
8363
8346
8563
4109
2091
5575
2597
2102
369
5875
4347
7610
6127
6681
6197
9828
6340
1831
8548
204
5641
2807
3063
6751
2061
9662
8168
4275
4493
9903
6325
8552
9716
9816
1800
2239
9610
5804
2975
7310
9163
8897
6770
1132
6621
1852
2030
7632
765
3352
8415
3194
6164
4214
1475
7
3878
6713
170
9673
9256
9165
6365
683
9960
3511
9259
7483
35
7903
7172
4853
151
1716
378
5525
5404
5546
7096
4466
2159
4880
5198
210
7472
1861
2767
1537
1285
1154
492
4855
5680
6721
4085
3766
8091
3028
8671
5240
8767
8993
6759
8328
5262
8465
469
1268
8049
5273
8950
2971
218
413
3021
189
2452
1164
7024
9488
5293
9286
7438
2360
1176
7781
8644
7931
4578
9745
9611
7893
3847
9365
1902
8298
9044
9792
1367
1126
4931
8343
8413
1081
3826
1263
7232
1589
1630
6610
7926
3183
7190
6351
3411
3623
3413
9268
4667
9785
240
3710
4647
4733
4371
5449
3947
1481
5780
7745
2705
4885
9996
5825
2951
2502
2256
7337
8072
9535
2412
1947
4833
7521
2297
2578
9429
8488
7017
2627
2889
6778
4859
9958
3849
806
1858
754
4938
362
1359
8847
9338
8919
9826
7784
7004
5596
3825
6987
8846
4232
3638
2011
6097
5752
7993
7578
3289
4186
1776
9094
8686
7012
7173
3266
8650
6619
6830
8882
1503
3783
9750
9131
7186
9924
1719
2546
1981
2952
9973
7896
8481
2503
836
3794
1295
5886
6887
6812
7579
3759
5264
211
8738
2660
6914
4208
8127
3442
7977
7699
3423
7627
9123
1654
9484
523
7644
3832
1819
9079
4339
8731
6189
7206
858
716
7200
6496
5040
3402
2176
2180
2140
5186
4670
2964
6124
1389
3750
9442
9050
9336
9581
1585
5358
3245
1885
7826
3111
9917
6250
1184
8801
2880
3001
1822
5681
3254
1001
4348
9520
3556
3427
9290
686
5403
5094
6126
2029
8174
5501
635
6198
7717
5884
715
8534
5157
1992
2081
6550
8654
7877
4029
6057
7504
3160
5432
3842
9931
6791
6212
1997
4108
8867
1272
9051
8021
4204
2661
6905
3922
3520
4130
4750
7254
9272
530
5701
5074
5603
4464
4344
1007
835
5789
8523
5303
7622
6374
8667
2908
4488
2765
9175
912
4956
5637
3408
1483
610
5117
696
7676
8691
9964
437
3649
9142
764
6089
1545
6391
9918
5695
217
7628
1502
1411
8979
7457
3007
6545
6307
5813
674
8404
5199
2697
7874
4943
3432
3255
1641
4489
4114
7217
2008
6981
2887
1928
5096
834
8945
1045
185
1136
7701
5529
5492
9287
2949
5381
4888
5246
3305
6711
4295
9148
860
6849
2958
6376
1100
1117
1844
968
6949
6928
8028
1617
8210
6735
8894
340
410
7309
2514
6257
4305
4180
5221
3838
914
8313
418
807
1120
2003
7005
8283
6932
8122
1187
2488
7529
2793
4005
3675
4926
5082
449
5714
4174
9181
4451
5658
7279
5685
2591
8860
7123
2403
2083
5817
2368
8741
1767
6663
7063
6720
7394
158
3894
7927
597
9734
5062
9321
5188
3559
8468
1870
5974
4125
2950
4039
3303
2491
7295
8857
7801
8316
3280
6424
2470
1312
7705
7067
1437
7140
3611
5498
867
8027
412
4959
9657
6734
1606
2505
8176
9125
9383
5740
455
1032
2694
782
507
54
5539
4827
1398
4596
1837
7641
9135
4633
5145
2961
9969
9882
1108
3505
68
7773
2519
9554
3645
1817
1424
5287
5435
8633
309
4323
4834
4841
397
9925
4381
730
2351
2162
768
1748
3962
3979
6119
5454
3405
252
1348
6725
9706
8056
9557
3650
8770
3228
5848
6462
2465
5779
2234
7426
3179
4756
1423
5925
9936
4535
622
2264
2913
90
1470
4574
6854
3259
7219
5171
1080
5196
2166
3936
262
7966
8444
9024
6002
7193
5655
5719
9013
3150
2518
8662
2858
3375
2069
9709
537
7348
6147
6556
8878
9825
439
5818
7885
4558
6048
3318
106
1331
83
8914
4298
5769
3615
8334
7509
5078
8520
6532
6447
1510
4189
2779
4273
4183
9667
2175
6946
7964
6895
7589
5962
2611
6398
4804
3308
6886
8387
4918
1957
8789
1330
3937
3679
5103
548
4630
7501
9740
8166
389
9861
7854
7750
7800
6602
7813
3670
7326
5630
7728
8246
7202
2631
4616
1414
3180
3944
7665
6036
237
9743
2384
9022
5408
9474
3885
328
3212
1671
8081
4091
626
495
9593
4312
6768
3112
8258
4328
1790
2646
7100
500
3340
1472
4649
6467
6815
7518
7383
7059
955
6892
958
4408
4321
1197
6888
2321
3426
2288
9910
4016
1629
4640
5018
2312
2618
9805
5121
5035
3133
6761
9748
7853
3169
6524
8423
9194
1526
3369
3581
8317
2730
2812
717
8118
7215
5002
6842
9573
4857
6746
9790
1110
7332
7702
3566
2522
2653
4991
8790
5291
8740
514
8311
613
3961
7866
7623
6219
9311
3064
6135
2388
3880
8355
1122
723
9561
720
9251
4794
5067
6463
2143
5636
8512
5799
1407
1025
5970
5585
7695
4075
7949
4461
1567
7467
5012
3199
1031
4729
9733
9419
8022
8310
1729
5175
8971
6593
9789
6802
1499
1042
6474
6267
9281
129
4410
8619
6909
242
7976
2079
4084
7851
5502
392
3314
8395
499
7767
8268
9547
5861
9876
8888
9686
9068
4374
3828
1137
5998
9682
821
9949
4609
2463
3707
2984
7292
2440
7542
480
8179
3558
767
9057
73
9145
999
6015
2389
5000
2816
4478
9459
7805
8924
5777
6520
1946
3603
5856
8188
3448
1058
7020
579
8376
8114
3614
2038
101
2464
7420
4416
6769
5506
2263
2185
2869
8092
1615
9248
7147
9943
2633
8658
6570
951
4000
8333
634
6074
8814
6877
5484
1959
1427
8054
9207
3781
5578
9596
6990
3876
775
3905
4166
8530
9294
5653
5379
6765
2186
8160
4715
4001
4973
508
4589
9536
81
5201
7462
5093
191
9195
2867
5987
7985
9860
1387
1741
631
4486
8956
8981
1403
6177
8107
2291
1816
7692
6479
2836
5203
7097
3439
3817
4655
1241
3974
9306
2270
1337
7274
375
4752
5749
5806
2478
2878
2476
3983
700
8596
913
4845
787
8742
9058
7574
1601
7405
8677
5151
337
5427
4172
4250
9814
440
1445
4565
2549
8576
693
4233
8824
7560
5526
8525
7762
3094
9172
3541
9386
5992
8367
6823
4597
2025
4393
9616
5278
7489
3773
7512
9736
9907
9081
9583
2206
1889
4407
9899
5043
3909
2307
3523
6483
7171
5549
3272
3170
6594
731
5083
6797
2262
7516
9599
2769
9690
98
562
1784
3478
9017
4835
5553
2382
5801
6425
9712
277
4490
3771
794
6019
3057
3368
6018
4913
9042
2603
1631
9570
3719
1927
137
8398
7572
7526
5762
8648
6839
2828
9192
1621
2669
6511
8094
8659
8305
5587
2032
3365
2458
5837
9813
9479
6192
9552
980
9153
5782
1737
5997
8319
5058
9357
5783
3191
948
6275
1142
9937
2721
2929
2072
1237
2449
4720
2305
5676
53
7848
7397
9970
5007
5889
9893
9726
985
3339
8967
3116
9260
8909
5469
1963
903
4611
6396
8823
7444
9962
105
6436
9529
7785
8267
8416
1950
8803
197
2900
5786
8511
4365
7162
4406
8278
880
6031
3217
4863
7731
3888
8008
5194
2420
2551
7682
2733
5457
3875
8680
4553
4010
6916
6169
701
3185
1416
7986
331
8723
4515
4643
9688
6837
1696
783
2845
9162
8874
7030
7166
3431
7829
976
333
5047
3619
6923
5430
334
6671
7104
1284
7201
1455
7132
6714
8199
7209
995
3313
273
9038
3785
3595
8989
8873
7060
5561
7068
6568
3854
3676
7769
4738
9649
2417
9349
8666
87
3504
7619
1909
198
2059
8479
4136
484
952
1324
5624
7431
3294
6427
5805
3498
895
658
2536
7103
3420
1453
4227
7185
6640
8707
2968
609
3279
623
4832
6293
1665
4133
4217
8492
918
9578
5581
5010
8327
3724
2027
761
7053
6152
6827
3452
8543
7569
7222
672
7686
8365
9334
8842
287
5029
8551
2164
6191
1646
7289
1765
8066
6995
4082
7898
4343
4345
2285
1051
9859
393
8016
4236
3161
6375
4784
6278
6592
4983
9433
542
338
3203
6294
8750
3630
2363
4504
9062
2150
2179
9177
7525
2100
1240
7534
4011
1486
5259
6543
8816
2813
2963
4846
1840
1495
7872
3433
383
5039
4978
7520
800
7495
4994
5904
1052
6228
7025
7159
4007
1053
1236
1848
7275
3521
3643
4854
9904
7260
4541
2575
6574
2323
8905
5602
4529
135
7656
2105
9280
6227
6352
1198
8373
5360
6994
7711
9794
9644
7163
1349
2706
2336
7227
4304
4379
3195
709
4176
9404
7208
6975
5996
6297
9776
9252
4546
1277
1857
2635
1215
4791
3184
2158
1872
1391
8542
8526
8595
155
4928
8588
4445
5671
5876
9679
2286
5314
4530
5316
2625
1358
5352
3144
8629
8871
2063
4149
8818
4662
3916
4595
5223
4941
7902
8577
143
9808
7941
1363
7151
5376
3665
6076
4498
219
2227
3663
3491
1856
3036
7946
7263
7259
3079
1194
3813
9714
5715
6750
7795
5536
5169
4876
4113
422
3601
2339
491
3227
4813
8771
4657
996
7450
5308
3357
4570
8087
3582
3268
8467
3767
4251
1891
1070
8086
4248
6232
4506
8509
1557
8025
9034
8419
1273
9887
8756
2817
9831
1229
8626
7921
2710
1600
4032
7175
4317
8948
206
4776
8147
4249
4964
8256
959
5328
9966
6544
5069
7449
9186
7899
353
9979
8829
8115
8409
1191
7649
4660
4668
2752
8472
7183
1969
6817
1216
5942
878
9572
4094
1561
7072
5961
5125
8980
9247
4818
2582
9695
4666
9031
4612
4116
5666
7225
2004
4982
8192
4303
9327
1998
8153
3159
2347
3045
9035
4151
3695
4469
611
9374
9279
7942
321
3256
1980
7540
5321
1434
2560
6801
6202
2981
7042
3699
2236
354
4656
1541
1159
2620
819
8030
9801
2712
9898
4124
7003
3527
6675
6102
8661
5953
5877
1180
8505
9468
76
2407
5283
5461
245
7763
5661
7528
4598
4893
7732
7101
486
1780
3605
2077
9161
5424
4194
7791
8825
4875
677
5022
3273
2678
8875
8218
9401
591
2801
1694
279
9403
7271
2616
7918
6832
797
7210
5853
3263
7316
82
1778
6540
4767
2891
5728
3230
5729
6238
4376
8670
5569
2309
2141
5274
697
5939
6781
8390
7759
1111
2246
6641
7265
3658
9398
1218
7491
6715
4239
8651
3017
4058
1250
5437
3810
4213
5001
8280
367
3530
3000
4047
3799
5920
3379
0
3355
9619
6419
7118
7882
2762
561
85
788
2921
421
5318
74
6379
9332
9890
6629
5242
1173
6456
7858
3820
368
1404
4903
8688
9836
8324
2665
1700
8991
372
2233
2254
2788
6449
8635
7640
4842
3325
2311
1454
4644
2533
1346
7434
4023
7064
2747
7052
4745
6388
6302
4593
114
7948
222
8309
2778
3374
2934
2325
3871
4024
9425
2821
2523
2437
8077
3569
2482
7066
3445
9376
9549
4286
2872
194
7567
4713
9929
870
6451
3512
9558
2329
5280
4198
5230
4674
9059
6754
5398
9098
669
5013
1033
5366
4216
7515
8695
6984
5893
4800
5736
9708
2456
7384
6658
5162
5933
4181
9991
9392
3906
5507
9516
2659
581
5434
1830
6477
7598
7849
272
4724
9208
1394
9487
6243
1826
8458
3700
3300
7771
2924
9939
616
2684
5165
8772
9009
6939
4522
9132
1060
482
4004
77
1841
22
3883
2466
1685
1292
2714
1484
7321
9219
811
6706
3347
8341
3125
1975
9504
3728
703
1468
365
1809
4294
1192
6222
8017
2805
4450
3748
9205
7757
2203
9410
6326
3943
4905
4907
2559
8774
1977
4809
1433
3450
3549
2111
1115
524
2670
478
1899
5050
2361
356
5108
8708
7643
6271
4587
809
6557
1939
4502
8402
2999
8410
3516
4594
8224
104
1622
4397
320
4585
4689
1279
310
9830
411
9
5224
1708
6432
7822
4218
6000
7496
7834
4544
645
2130
8921
5800
3564
6686
9269
3020
6581
6606
1906
9030
7034
4431
7766
86
8469
547
2252
9900
9677
3567
2870
6521
991
9656
4398
833
9926
1356
5963
8464
1530
481
8653
2649
9894
3145
5625
6101
5537
1288
1265
7812
9377
3996
7586
304
8079
6632
2673
8433
4177
554
8239
7710
6262
2713
8728
7910
6845
8442
7653
6316
543
4485
7228
7170
165
2987
8078
4270
563
7880
656
4281
9121
5472
649
4453
3301
4222
2521
7009
3034
9606
5675
4491
1958
7299
4511
6767
7115
9986
2795
127
6633
8187
605
3844
4944
7043
8422
2226
9550
7820
9240
8622
2014
3087
1955
8020
40
3370
9968
8261
4602
9170
183
2749
95
2359
9206
3518
6418
4306
7353
3829
3168
738
97
5827
6753
5674
8193
3988
3980
7008
3421
2344
1448
6366
5956
4287
7703
6012
5864
7753
2086
9103
9798
6762
7998
6904
5991
533
8586
3548
8455
8195
6616
8931
51
8617
7604
4459
4353
9764
750
3647
5917
8038
6226
5084
1232
1710
6310
3960
9055
7414
2593
428
3118
7924
9563
1519
9818
7982
3711
6053
8259
5841
4499
298
5054
5197
8584
3519
7723
2280
5589
4413
9988
2830
5814
2052
4867
529
2630
7128
699
9212
5656
3252
6917
7735
1635
9842
2375
3588
1429
9972
4697
4703
1440
7987
5496
2906
8808
1464
825
8697
4357
3912
8215
8337
8689
3841
7881
215
3946
5182
4957
6660
8744
1183
4975
3171
7719
4548
7046
9587
6865
400
9363
7416
2931
8229
3672
2621
4443
1549
5109
6563
5494
3346
3931
3435
6380
5902
4799
419
316
8802
1249
4038
3904
4202
4292
359
9921
5393
386
8185
3515
9697
884
6131
186
4329
6200
1039
4467
7373
2369
5122
5130
3745
4400
5087
4035
2327
7935
763
6094
4899
1609
8499
243
7090
1151
8813
1508
5727
3741
6806
2723
5896
587
6062
4953
6698
564
6455
8966
7074
9768
9660
6700
5952
344
8853
3952
9422
346
2379
4197
1248
7916
7400
7224
820
9210
7670
6051
3399
4403
8436
3278
1587
3678
9987
6561
7545
859
9853
1098
4693
7519
1774
6165
1757
2320
7109
9164
5809
8286
8851
6034
7810
4977
9799
3456
8084
6175
2259
1399
6332
6170
990
6784
5852
5392
4165
9129
4584
6603
2944
4601
4881
9316
9728
2315
1298
458
5985
535
8925
8727
4314
6181
4540
3580
6099
7965
8347
4496
8643
9394
5988
9609
5051
5139
8312
8624
1583
7336
2056
1102
1469
4296
8539
7327
2792
9807
7413
1937
5980
3468
5334
5214
8475
6604
823
6141
1834
2041
6559
2294
574
7164
7793
9188
9421
3201
7659
3147
6005
5810
8366
973
7318
9766
9540
5576
1863
855
6244
3267
2103
8476
5268
3552
4635
7277
6482
8494
8983
6027
3082
2650
2841
5826
4783
6689
5541
6724
9264
7725
1000
3012
3412
5960
3557
9938
785
9722
5916
5764
6282
8083
2089
1926
4161
3607
7242
7864
2109
577
4106
1974
7605
9277
4639
8446
9754
4049
8189
2802
6361
9869
2283
5976
1446
9257
351
5256
6129
3644
8746
2815
3473
5136
4289
572
4961
704
4774
580
2972
6364
4911
747
3780
9582
1695
6596
4825
3444
6058
5237
2271
1425
3554
3628
966
1711
1243
1438
2527
3253
6764
6728
5443
5140
9116
6779
2641
9998
3024
7940
8007
7652
6438
5957
8747
8431
6929
8855
3969
2395
2221
3238
1579
5451
3572
9496
2595
4215
7311
3900
6313
3688
9637
2979
2433
2332
3461
4858
6423
7606
9120
2418
1306
8994
6600
3640
6902
2829
1471
2362
1949
2555
2937
7204
1496
7609
6595
5105
9732
1875
6013
9742
7485
3822
4679
2238
9888
5115
4201
3489
2237
6893
2545
3760
5338
3725
2715
9827
3178
6286
9846
434
1139
2904
1740
1116
4727
5514
7272
8748
2962
4436
3514
4805
9450
3332
4711
9952
1182
3122
8901
8922
7562
1141
3886
5476
9797
4537
1775
6937
2538
2768
9263
2300
2040
2484
2039
5807
8656
4960
7085
8930
6078
5396
7539
8273
1724
2763
1179
1244
8515
4817
2082
9183
361
7550
4162
2392
1047
1578
9691
1310
7155
9762
4721
1943
4006
9340
8447
2272
1316
2099
288
8374
7933
6092
5307
9345
9465
9901
7211
4310
9354
9605
9533
8612
42
4090
5559
4829
3682
1204
598
7351
3153
1384
3334
4543
6020
3462
923
7588
9539
8506
5415
6491
3774
2914
967
6790
5673
5248
1293
2743
3772
6440
5053
5508
586
791
9025
5811
3410
2542
2117
5045
2213
1520
9508
8555
9014
9203
6003
4017
1336
8391
6861
9301
8611
4132
6991
5300
3085
4622
379
4415
8664
4882
7323
5614
6965
5219
7473
7997
5263
7487
4692
667
7764
8568
6046
9041
2859
5349
2676
3388
2330
5938
5450
5623
1344
9940
9786
8208
3189
1851
9502
9530
443
1371
7075
1805
4382
9063
7410
9692
2188
7121
7721
6041
2230
9460
7306
2441
8097
6896
5420
2171
673
1961
9810
4917
6741
1011
488
8672
4509
6826
4221
4631
4395
5057
1607
5821
5521
8206
8270
3336
7821
6919
5562
4936
1022
2844
4243
6533
2966
3950
3172
5949
9366
4460
1804
9651
8693
4687
2050
4352
6872
4311
1018
1225
4423
1878
3722
5983
798
5900
8248
848
6829
940
3891
8698
8034
6179
1127
4127
5669
689
7779
2930
6026
7221
9372
4008
4171
5504
7970
46
9220
9435
4614
1691
4970
148
4449
9802
714
3571
7746
6780
8535
8758
3108
10
2423
7664
2919
7451
2856
8676
7051
1013
5859
2265
7078
7023
271
4129
6716
138
5426
1791
4962
7466
971
2563
2708
1942
8795
3281
8995
736
2777
2399
3896
7088
1078
9143
1953
1123
8850
9037
263
1846
5346
843
3003
1462
3851
315
4837
3484
2485
6649
5734
2450
9154
5866
2831
2918
489
6255
2568
8249
9800
4252
4358
7775
3953
5267
9497
289
2528
3458
6109
8332
9699
9997
7212
7527
6279
1023
4690
8819
2121
2607
147
8225
4260
8043
1360
2210
6154
3884
7914
2042
1529
7386
2674
9758
2843
4476
2980
6718
9111
8080
2588
1505
5612
7714
7638
8486
2946
4849
139
2688
1509
2224
59
2662
5060
2838
396
5978
1651
7945
5750
4285
3037
4140
4517
2366
9443
5374
294
9069
6980
6349
4135
1779
8495
7029
7999
8785
2054
6804
9476
9384
5882
8757
9775
6103
9953
5493
7393
4337
2337
9908
621
9011
9614
4972
290
88
3919
9531
7663
9982
5982
8242
7325
2248
1322
9598
2295
8597
9466
1586
2055
4279
2436
8821
8471
4704
7057
2133
8141
7350
7308
8408
6978
2427
7203
8998
5990
4230
1357
1907
3139
91
123
13
7079
5414
9134
5969
8170
5742
532
874
893
5309
1666
9793
8946
766
1451
1768
7967
974
6668
1388
4195
9001
1755
5608
7990
9352
3635
1235
4036
1195
2453
1326
1463
4547
9669
8039
4072
713
9763
1728
8400
2335
8135
8067
8059
3755
8194
2628
8833
4330
2797
841
2006
4924
4059
9947
1041
292
162
3776
9600
1147
5678
7925
2020
1037
9517
7160
3592
6670
9064
124
8046
3053
9852
6921
9341
1620
5008
1811
6115
2989
2405
9627
5905
8579
1069
3130
3853
647
4839
862
5216
5056
1113
8660
6903
555
6704
6187
8101
6035
6655
8148
6466
6549
7471
1989
174
94
5895
4259
7544
1386
9652
5926
8704
9288
3345
3949
9983
1049
6301
2322
278
2244
9369
6933
5932
3032
8338
5181
4274
246
1821
4334
3104
7366
7568
19
6591
3319
414
9061
4652
1027
9630
5153
3874
3106
1674
1287
6650
5238
4894
5341
8709
5540
2088
6428
3920
7556
4170
2863
6924
9872
568
248
3430
5478
2045
6542
6694
3831
9993
9136
9139
9819
9199
9840
630
3633
1703
5285
6562
7991
534
4297
8997
3051
7086
41
5134
2429
6168
34
901
7445
2134
6841
4472
5735
3083
5832
8638
5534
5233
8935
5080
3216
829
5613
4372
3392
4210
755
3471
6555
6392
5560
7280
2991
1125
5979
9560
4148
136
690
477
2687
2683
2101
7630
2544
1941
3574
2026
8890
1668
9879
1618
4682
9243
6659
8996
2526
949
6386
2729
1964
2553
1028
7551
6612
1787
161
9959
7421
2896
1003
1588
614
7015
6947
9307
7840
7469
2255
6925
345
4949
8300
4969
9870
8934
845
3933
883
9515
5487
6030
4775
3100
9874
7179
6264
190
3249
6794
7013
937
5348
2031
2860
5688
4698
8926
3738
5239
4967
7575
7133
181
9854
7423
116
1342
6032
3510
3436
925
6157
3624
7522
7235
8600
6043
3656
9718
1690
7252
9829
1175
3517
8207
7553
2512
826
9074
6435
270
9687
4987
1114
8352
4562
8885
576
7666
4634
1736
7715
7345
7811
8482
7951
1517
9923
1747
7477
4318
961
5692
6758
5481
2242
1135
5474
7320
2500
6453
9412
7427
8582
5710
8895
6651
7443
2800
7273
426
3229
6476
9234
2152
5849
5577
9138
758
9580
1283
2123
4770
4890
6410
4196
7446
8197
9178
7532
9150
8323
8157
2556
648
6703
9078
2047
1676
6584
6237
3493
4042
7120
759
5712
1582
1742
1597
2074
5591
4209
8927
7278
4060
6944
6810
9144
8291
3058
4280
6045
3074
173
8763
740
2258
3371
2689
4760
1242
5436
3797
6631
336
4134
5295
4369
4053
1335
8903
9378
1792
5586
1599
8058
8906
370
7346
5605
5206
4822
220
9049
327
2499
9759
4908
1605
5190
5654
838
144
8990
9036
5748
9308
5659
2352
9482
5722
5347
3077
4985
2832
8574
4762
1351
2539
5395
8513
5726
1511
9546
1773
4255
9575
6828
596
3502
239
2357
8315
8292
9348
6717
438
470
6371
9942
4588
9915
5897
2535
5828
5516
7084
815
1827
3286
8493
5958
1177
4557
5971
9607
6088
5595
536
9661
8209
1086
1684
4121
8018
7083
9945
9544
2415
7236
6512
3233
6862
3968
9884
4909
6507
9299
5382
4561
8406
6178
8830
5322
5865
4946
7733
7561
857
3543
3089
2098
3868
56
6084
283
7082
5311
2201
6687
2080
1660
8627
3251
3243
5339
1832
9040
5384
7814
3262
6516
7331
8318
3749
7352
1246
9176
9241
203
4143
1089
6295
2498
4709
52
2048
1339
7576
8121
3560
871
184
3030
2994
1931
6086
3846
4525
9080
9054
1280
1661
8448
6303
7257
8938
8314
5660
854
972
3415
4868
2883
5765
886
2207
7407
4811
5394
1009
8940
9462
2760
5368
8849
3882
8116
5588
9457
3360
3840
4479
4327
7836
9634
9955
1995
8074
3620
3200
8764
6989
2926
979
5127
8581
6465
2462
4152
7837
5611
6270
9623
7146
8357
6899
6708
8865
8872
1133
6973
266
4224
902
659
7654
3363
157
7433
8424
6719
4363
1329
339
5751
4167
1991
398
8082
5167
2726
7792
5772
6248
5158
5400
8602
5834
3990
9091
1095
3107
519
1226
3070
5618
8879
7014
7329
6573
8580
2954
7283
223
946
7734
3928
6850
934
3222
3625
8360
5133
9127
2393
5173
5079
7358
2076
9437
4873
1895
9244
8787
4773
1314
209
8918
350
2120
3727
1059
1347
7262
6403
1772
5361
3497
5356
1985
5770
5684
7436
5172
2149
3562
599
4191
401
2346
6504
7673
1828
567
9359
9564
9358
5466
929
5584
7624
1460
8951
1749
2564
4902
5887
5922
1294
9432
5277
655
5019
1506
7984
4951
4771
8567
2734
2378
1722
4673
3693
1317
657
4341
8326
1188
3350
3616
6161
2982
9137
4389
374
3631
5842
9226
777
752
4795
4823
7952
3756
2504
8988
9834
8642
9406
8887
4560
9821
2638
5315
9757
3989
9133
1859
8005
5164
2016
8599
2269
3282
27
457
7844
1923
7658
851
8571
8575
366
9896
5149
3134
5533
2612
8896
7440
5150
7599
8944
5763
7124
1400
4830
6149
6439
6748
1062
964
