2000
random
1311
1465
1037
604
773
900
486
419
1364
1574
1107
60
88
1336
1546
260
511
1790
1193
608
1764
766
721
364
1643
538
1097
65
918
1373
1442
1398
58
676
1054
1380
173
1827
1845
1577
1842
1173
386
289
1370
200
1484
1690
1018
1002
1198
1154
1485
1545
1578
537
1131
1342
1516
678
1996
643
1549
1082
916
563
1294
1184
1593
883
1569
844
444
825
270
139
1328
1283
1986
194
1734
1479
1954
1930
54
521
1583
335
1824
382
575
126
1493
326
1320
1883
554
445
135
1814
1240
56
183
1874
501
627
400
256
1466
717
875
342
1410
61
1212
1432
178
818
1092
1801
306
727
67
95
219
1526
1354
567
1517
1418
576
1347
1104
754
262
79
1498
1118
237
93
1998
755
530
460
639
1518
791
969
1323
867
1461
66
1899
1877
1162
1058
318
122
1541
1200
140
1135
1407
585
1742
872
1768
30
989
3
1904
535
449
550
265
1912
1100
1399
1463
1919
663
1746
203
833
1575
1622
1879
367
1492
12
758
895
360
1303
1928
224
1491
995
630
274
1456
1384
1027
10
1122
127
145
303
390
1648
1686
1367
1525
1159
1075
577
716
329
46
824
1129
572
1585
1749
1634
299
965
101
238
605
59
806
301
216
1244
184
180
154
1026
696
1989
1617
841
1571
1773
192
1817
292
850
1276
606
1752
1555
1250
87
702
18
1609
1177
655
665
770
1111
836
148
478
638
1955
712
1914
165
172
583
1257
1462
673
325
1719
73
1785
519
821
1344
737
401
1049
1157
1390
1645
332
810
711
1209
601
278
1858
1669
547
378
626
188
1226
1487
1405
293
1219
805
1832
500
623
410
1446
579
1070
1069
642
443
1277
1556
1706
482
1543
1999
1182
1892
889
1835
1243
1080
85
1911
304
987
402
1598
531
97
1774
174
1176
1300
205
1775
860
1309
310
1997
1298
956
1687
1658
1394
1629
644
830
946
683
544
305
1140
646
688
845
1679
1488
1385
1966
1113
656
213
587
1831
1960
1697
450
1620
915
1115
1038
44
456
726
52
1894
1362
108
1424
1284
469
941
33
1821
1011
1819
477
1186
1838
1041
1660
254
1941
225
452
1982
302
1703
539
1987
1758
1951
1744
1887
1263
695
527
1220
1681
312
391
1871
526
765
327
1566
522
1274
459
465
1341
1810
383
279
708
385
1334
647
1478
992
1076
1856
1592
1502
648
666
369
870
1501
1185
796
774
157
295
963
1813
313
392
1767
1755
1741
1633
674
1654
423
1624
890
807
518
1691
1515
1083
1194
1521
1010
16
1722
1363
1969
494
106
1945
15
475
433
1705
282
488
616
1665
1582
590
979
967
1046
1279
1477
971
839
1406
1789
615
1223
1348
780
1156
1588
1081
974
507
272
78
1137
1799
1825
290
955
470
1202
484
949
532
487
1127
1468
1351
1077
1707
182
1539
377
100
144
1167
32
1953
4
1522
1495
330
417
74
750
1667
725
294
1947
1771
198
1285
202
566
569
1809
261
650
882
321
799
372
1726
1339
692
474
1852
26
990
146
1977
771
794
437
720
657
591
1860
246
935
1443
436
233
1480
1708
1063
1317
1368
1586
133
1497
264
1959
1770
635
1701
1655
1925
1800
130
1685
1191
1056
1288
1509
425
742
86
1296
1265
116
1816
1721
624
308
221
1805
208
1315
1093
361
1628
1890
1331
381
1393
153
1449
744
1369
1922
218
614
560
1978
1616
913
865
451
1536
90
764
1640
1732
808
370
586
1804
986
1754
212
485
1891
570
793
618
731
858
1204
714
251
1876
45
928
1475
1720
589
1584
429
682
13
1310
1264
64
792
24
358
842
1330
1776
111
1414
1826
1231
1934
1332
1132
1459
259
940
1164
1514
1778
1249
1965
1718
493
1712
710
1508
588
1610
176
524
772
206
1234
1454
749
1388
846
1530
1650
1777
1201
1232
1206
1289
42
1017
1440
1900
582
1918
595
1308
620
207
1158
227
962
1875
510
363
491
520
820
959
1471
1043
5
948
430
1138
43
672
480
351
62
555
490
161
972
879
1269
1841
84
316
1834
1172
1151
21
249
411
431
1671
236
700
699
1743
528
1688
114
1207
763
998
1745
1005
504
611
1733
398
1961
769
288
1035
1783
112
1015
347
1678
1948
893
1807
1103
359
1757
22
782
131
1213
57
199
1148
164
432
1091
1792
993
11
1932
1560
1520
593
795
982
1557
706
1183
1915
975
1306
1030
1786
1567
267
235
1145
156
1613
387
1808
1447
1898
1051
502
1045
1603
1464
594
978
944
489
414
1651
896
1452
1507
467
1089
1431
705
1500
434
1105
339
997
166
561
1453
307
240
1387
366
790
1561
76
1927
908
1050
1171
1886
1286
513
8
375
89
1374
6
1802
281
1540
1047
540
789
244
885
1889
408
348
247
1625
1494
1769
599
1991
920
333
1074
1065
1537
1803
1559
427
1242
1884
1939
660
1450
197
98
1601
1197
1815
880
263
980
273
72
1253
1360
756
983
1134
1689
715
1763
393
781
1112
1305
1907
542
373
395
1963
1670
1976
498
574
1087
1227
1550
115
1710
314
275
1396
371
1472
1535
994
1409
1558
1756
1644
1192
919
1205
1724
1260
694
181
276
1473
1372
1602
1483
468
447
767
1859
248
930
922
1073
1386
457
1917
1621
1599
1381
687
856
619
1572
558
1880
350
571
1843
847
196
1352
1460
1312
1271
1256
1439
141
1818
1333
761
1933
1322
168
1693
612
1635
709
34
1952
546
899
1088
1505
1022
277
1798
871
636
759
1128
1435
298
440
1833
1429
1975
1793
48
1674
743
1820
921
1715
1019
629
834
668
1252
160
1893
340
1861
1188
428
1290
1606
234
1356
649
580
334
1078
515
828
1698
1725
362
901
933
934
1972
409
746
641
1656
1378
1595
211
887
1931
1275
422
1700
23
338
815
1163
1659
123
797
881
255
1355
701
622
2
1397
103
438
1600
843
981
1897
0
149
760
1554
1929
1146
217
257
439
1906
384
910
891
1527
1836
1751
1638
724
1538
802
230
426
167
1653
1840
664
1570
1806
1865
1704
17
286
117
1281
136
1408
621
1108
1034
999
1428
132
1568
412
1189
1576
1780
903
119
19
552
1451
424
1203
1513
479
640
242
37
864
1940
1359
1988
777
1160
1143
82
1957
461
7
96
757
1664
1008
1436
1337
1499
1319
803
462
543
1924
1326
1426
1402
1254
1888
231
1029
722
1830
1273
374
1607
549
1916
1981
413
1016
210
1737
357
943
1467
1028
107
472
957
1850
1980
509
1589
1401
1647
862
191
344
855
1178
441
1358
1235
1012
458
1313
170
1329
752
464
1117
738
529
404
1532
1266
517
466
1523
1490
877
1096
1025
1949
1837
1383
954
1779
1007
142
1870
835
1544
315
300
1293
159
1152
399
996
1130
904
1677
1596
47
1314
1866
533
283
1905
939
1066
945
1411
454
950
1853
689
1032
147
105
1740
1072
645
1910
1869
222
38
838
938
1444
323
1496
239
1995
1236
1357
1864
1
1946
1531
1068
829
1416
1395
39
1895
455
14
287
69
1781
1474
958
953
584
1376
1729
253
1147
947
1992
266
1730
420
1908
109
1136
852
435
514
1433
697
1057
1141
1259
1084
735
1094
1857
1503
1013
1430
1361
917
1199
1562
1486
508
1415
1937
1325
888
29
442
1106
651
536
813
747
732
201
1375
337
942
215
523
1796
1563
1187
868
685
1062
1854
1458
40
1731
1901
1031
1216
1126
1340
396
1675
1404
1469
243
152
1657
1221
898
741
814
671
1155
667
416
1270
1851
1943
104
1642
691
1533
1630
1962
1506
1196
690
1181
822
1862
1366
1885
578
787
35
562
892
1006
581
1169
1534
704
1847
1672
1301
195
976
1455
1121
1230
471
1926
762
284
1714
1738
534
1403
1641
1936
1123
1165
863
1175
740
1661
859
1855
91
679
1579
1297
345
698
1251
1985
81
186
124
602
1772
745
568
831
1302
356
968
804
55
600
733
1353
319
1086
1470
1979
1190
1042
905
102
984
353
407
1637
1511
163
1938
1684
603
873
1133
296
1179
1626
617
751
1682
376
1935
541
923
840
346
1291
368
1683
964
827
1174
1292
1735
405
911
1346
1973
1142
175
229
730
448
897
669
1215
291
966
309
1476
1551
328
389
1023
1101
924
1422
783
71
232
1441
739
564
1878
1218
1597
1950
179
1067
1873
1217
1139
1788
53
625
592
1993
1338
809
525
634
1581
1365
1267
1262
121
1631
734
817
68
849
1990
662
1623
1423
952
559
1676
1739
209
776
1716
1318
677
654
931
388
31
1245
545
28
331
1967
719
415
991
476
1268
598
162
823
228
632
110
906
1762
1391
703
1844
1427
1287
1059
1649
1872
250
866
496
1389
354
1587
557
506
1913
874
1438
1565
927
1618
985
1591
878
1920
1529
597
1666
1619
214
1709
512
1349
1195
1944
1412
1258
1153
973
1110
1324
120
936
788
1071
1445
397
1048
1247
785
463
713
1222
876
495
1241
1867
1787
1434
1021
1510
1335
25
1004
1417
1033
1791
736
1055
1759
1228
1170
241
497
129
1255
1761
1713
1519
659
748
473
1282
779
1237
1747
189
1797
661
1009
1983
1482
798
1246
268
1590
1161
322
1299
349
1214
1420
1632
269
355
1098
1090
1238
1615
252
812
854
548
138
1099
1673
1166
1095
960
565
1109
680
204
171
125
77
49
1748
1881
837
9
1044
190
75
1974
1668
1350
1036
551
675
1552
380
20
1636
1261
36
1343
1481
1868
1956
1180
1662
1316
1060
1717
1612
1168
869
94
609
421
853
1064
613
1611
729
1528
1448
394
1923
1699
1548
573
1652
1150
258
596
1321
1040
403
653
1392
223
1828
1125
1149
137
1102
453
707
492
1421
1695
1564
1646
1794
907
1839
1728
848
1811
151
658
857
113
553
1694
336
633
1020
1727
1280
556
1003
631
610
1760
365
912
1795
961
406
1248
1921
1580
909
187
1085
505
80
1882
932
937
1812
1079
970
753
816
1400
1327
51
988
226
1225
1846
652
1419
1822
297
902
1608
341
1052
784
1379
41
801
379
169
1120
884
826
50
177
1457
1345
1639
143
775
92
1968
800
99
1211
1573
832
914
628
925
317
516
1663
1692
1782
811
1512
1984
1437
1382
1958
481
324
1829
1304
1971
1114
320
1542
483
1001
851
128
1144
1061
1039
778
929
1594
1823
280
894
150
670
637
158
1849
1723
1863
271
1711
1902
607
1766
1680
285
446
134
1295
1970
1909
718
1124
693
681
1696
1278
1736
1014
684
1614
1208
1210
886
1750
1784
1053
1765
951
728
1024
1233
1229
1848
768
977
1413
1942
1753
1547
418
245
861
1119
1553
1504
155
686
786
1377
503
343
1371
1604
1116
118
193
70
1702
1000
1524
1239
1903
1994
1224
352
926
220
819
1307
1964
185
1896
1272
1627
1605
311
27
83
499
723
1425
1489
63
