5000
random
4339
3259
1200
3286
4440
696
3180
1507
4413
1591
1934
285
2937
837
1190
1724
3523
1797
4949
1323
4352
2617
2705
3792
817
1766
3747
1239
1479
3281
3734
2860
2657
1622
4847
586
3634
934
3265
113
2800
2426
2022
3619
2515
2694
944
2378
3609
1741
52
58
572
1154
3084
240
1975
4706
2942
2462
312
697
567
1508
2026
3669
4849
306
2788
966
3169
2742
1304
144
3224
4303
1166
2686
2623
1448
3676
1420
3163
1388
165
4713
2572
4017
605
2862
587
2989
1760
2141
4965
3684
1158
4055
3279
2651
1935
1873
258
4394
3201
529
963
961
1989
3880
1987
3145
4766
3000
751
4905
4121
2816
3829
2580
2507
1242
4692
247
87
3451
3199
687
3795
4312
4477
3390
962
213
1644
3288
676
945
902
1661
84
4159
719
1631
2436
2006
3643
4282
4421
1127
2053
1045
4559
2787
1251
1639
3305
402
4181
4346
2085
1439
3465
2260
2591
1206
3068
4257
3651
1520
2557
4955
1774
4561
3358
729
4149
2499
3141
3025
3228
3958
968
4678
2619
1941
1825
2215
92
1718
2322
2416
1510
4164
1881
895
308
4945
896
1618
3547
1466
2445
3905
3377
3254
4854
4400
3448
1293
4459
4914
4946
413
597
1116
3825
3155
2747
2103
1743
4216
1157
4183
3937
469
1574
1571
1555
3877
2653
4330
1137
2203
2184
3088
2450
584
1235
808
1091
3686
4993
15
2380
1568
64
3843
2489
3333
3893
4182
2385
4063
161
549
1789
3315
1225
1519
4709
134
1271
3052
2052
2406
4834
4171
376
1100
4584
2743
3769
786
4077
2281
619
1728
1955
3712
3190
578
4599
3891
4496
221
986
2693
727
2625
1658
3784
810
351
3553
3468
4745
4772
4092
780
2952
2978
1333
4048
2331
229
929
2551
4899
2510
4974
408
4170
2516
3024
4129
3167
3479
4750
4885
1506
4281
1926
24
280
3450
2735
4175
3087
1094
4290
4948
1756
662
3798
231
1586
1009
2865
1219
3061
3957
2689
3452
2511
4370
4545
1289
3189
3838
849
4031
890
2644
3945
3255
1532
3142
3858
1054
3538
1838
3930
4995
2597
633
4342
1189
3632
3027
336
3344
2351
4984
368
3355
2050
2683
2315
4592
3532
4390
406
2839
242
2892
781
145
3144
1394
2151
2514
1384
511
20
1899
4197
257
883
535
3015
217
3667
3253
4540
4180
3951
757
102
1250
3076
1909
579
997
4909
1870
2996
4486
1623
2167
1749
341
1666
4220
2890
582
2593
2688
4327
4582
1815
2319
4419
2808
4519
1581
2592
3252
2810
2776
3250
1695
2008
3794
2602
2040
4925
3608
227
4405
56
2844
3562
3125
1301
1983
2900
4168
4563
1634
3918
133
4234
2253
1607
3039
1885
501
2335
1117
2234
3267
1071
1432
764
1482
3748
884
4070
353
2961
174
3136
416
74
4130
2728
3165
574
1319
4415
4851
3041
868
1098
1361
2169
4504
2630
4178
4690
933
214
3507
6
548
2392
1820
51
3524
2323
2326
4826
437
1224
1
3380
106
4752
1331
4707
4177
301
2242
3257
3203
1514
1678
2434
3797
1640
675
1350
183
4285
3139
173
4292
651
0
1526
743
2674
1317
1659
1029
4393
3431
3629
3799
4680
3107
4347
3197
393
4206
871
4667
2853
3997
1418
2332
975
417
2553
120
1978
2300
4855
4926
1075
845
4605
1911
2596
3120
2066
824
4568
3706
3118
2013
1013
3607
93
2805
1464
3889
366
2563
745
3412
170
2754
4402
3681
2690
237
1626
4917
631
3183
2199
1400
2325
823
443
2606
1056
2330
9
3591
4407
61
1782
1367
4774
4629
3719
1390
1228
2182
2665
2822
4256
3746
3732
857
4785
4699
1247
2173
1456
987
2442
981
2826
3471
1620
233
1222
3214
3270
278
63
3260
328
4403
3196
1790
3057
1839
2818
2279
4879
1804
407
792
1134
3967
2086
3863
3693
1545
4789
2969
3506
563
3624
965
914
4054
442
137
4989
3512
4521
1660
3710
316
4944
1133
3239
1546
4052
4980
2389
1382
3070
4732
2023
4537
1142
2972
2762
4435
2939
2092
638
28
4233
419
2879
4079
1438
4283
1771
2003
399
1864
1962
640
3272
994
3626
2427
232
1691
182
2447
776
108
1015
2702
754
1939
311
2846
1928
1209
4874
1089
1694
2024
3269
1681
2793
2080
4487
4075
4431
4043
2017
3695
4172
1072
2907
1802
2446
4866
859
2110
1407
3090
3117
1471
2470
1781
1248
4250
1176
4291
993
941
2584
989
478
1697
630
2375
4242
926
105
230
2586
940
2165
4375
4442
2786
591
1192
1175
4627
1957
3511
4527
2268
711
2362
799
1379
112
1162
524
1374
654
936
877
90
4817
4107
427
1452
4028
3182
3153
2021
4824
2000
1356
2531
2794
4411
4768
4083
3720
3036
129
4595
2498
1085
3020
1365
370
3581
4359
3631
1786
3548
18
1869
2982
1066
2364
2880
4634
3410
1916
176
4230
830
180
749
2771
4179
1840
423
3614
355
1270
4189
1680
2419
2518
1324
1673
2837
1465
539
4987
1249
2736
2730
1747
452
2725
2010
4841
908
4951
3178
1042
1765
3606
1548
667
3994
3890
1487
1991
1279
840
1364
3330
841
1704
3874
4255
876
796
4138
215
3902
1188
2834
4544
684
4033
2118
1876
2245
2983
821
394
2039
1069
2243
1878
4903
3407
4034
3405
3067
4114
1254
3303
1492
2988
3085
4261
1099
3335
3830
521
4710
1516
3372
1856
1752
140
3503
69
361
2573
1149
4810
4624
2684
2603
3354
3375
3383
4805
3998
3815
2428
4326
363
3979
4744
4705
4439
2626
832
1474
433
487
593
4912
1493
1446
1930
3351
4071
4598
3083
1241
4986
3115
3733
4959
2454
5
1550
1468
2624
2275
2734
734
1832
4771
2639
3065
4507
274
4864
3566
755
3081
3981
255
476
955
1252
163
3131
4998
3078
2869
4679
668
639
3904
2965
4657
124
1297
1829
4518
4243
3409
1059
2333
3827
365
3353
459
833
27
4392
4263
2311
1318
1921
225
3623
4454
2356
109
1748
3289
4823
3384
958
2576
2832
2574
2101
1801
3385
426
585
1351
1236
3179
3586
3204
1938
1711
1273
4775
2726
4960
224
547
2166
4550
4238
2346
1769
4958
3835
1460
3363
4115
3660
2959
2251
3213
2695
3714
3560
171
1538
461
1234
4381
1940
2205
3174
3640
1299
685
4235
4900
2779
4085
296
4001
1761
3775
2373
3762
2206
1310
4364
4037
4936
3071
3138
4551
2529
3008
794
3865
1625
1459
3175
1567
3497
3854
4701
46
1830
83
3568
3096
1186
1339
4859
1129
2738
2457
1998
1841
138
803
2532
3940
1963
197
4042
1461
2467
4769
977
4689
3421
445
2733
779
609
2403
2797
3985
444
3700
2246
4365
1419
410
1677
4793
4651
2740
1628
1647
1821
3840
930
4166
4264
266
4530
2411
347
1096
2637
60
1167
2029
3573
2409
1169
4589
2059
1665
3635
3598
2054
390
4649
1933
4952
3659
3220
4638
4674
2656
4840
2928
4872
3034
1900
1851
2951
3740
637
4697
2861
3572
490
2883
2099
202
657
3336
2361
3593
2124
1509
1977
1894
1537
3515
603
4066
4636
1668
4820
3287
4005
2367
1709
1588
391
3618
4613
4738
3697
3349
23
1603
1308
3813
3925
4734
793
2277
2685
3554
2829
554
3834
3392
1083
4969
3154
1159
3314
1920
4195
656
2772
1560
2650
4412
4479
2709
525
307
3658
812
4770
1306
3781
286
1799
3309
4331
2662
4144
4666
3527
2504
3440
600
3211
1490
4954
2545
570
3292
4186
4642
2955
3978
2138
2228
4343
1931
3939
735
1527
4549
4727
117
438
3164
4950
4611
2490
3446
4160
2307
310
3173
4614
2287
3268
3654
686
2768
3106
1552
4818
2867
960
1023
3742
898
760
322
742
952
1750
856
4791
4970
2359
2481
3708
4404
621
3611
2631
4012
3246
2640
2034
1880
2306
1178
1416
905
3923
2873
3411
166
4588
4371
1795
919
2091
3558
4978
679
4488
3883
1422
1160
94
4336
2186
4533
2539
2155
4800
1971
2615
3227
3126
483
3873
3236
3275
2305
1564
1919
385
1411
1700
1904
4187
4472
472
2555
2546
917
1570
1163
114
2078
3237
1194
4848
127
3718
846
151
1257
4176
1685
3921
3158
3188
2673
789
1655
1906
4088
4480
4922
2715
1996
3295
891
99
271
957
3929
4248
2916
3053
3316
852
4787
828
4932
1835
222
2898
4503
4580
715
1606
3817
317
484
564
1968
3806
398
1445
3074
4116
2924
4395
201
4124
2935
4011
1341
3765
241
752
463
3602
3743
2802
2784
491
372
3444
479
65
893
765
3961
2706
1902
2379
2321
40
4201
724
1638
863
42
1767
2162
4511
3277
2015
200
1499
1230
4224
4218
1043
136
261
4759
72
3457
1969
3846
2632
1910
2888
3322
3222
1229
1503
1437
324
4111
2947
3132
3299
3374
1058
2672
191
2339
4650
858
2856
4409
2216
1315
34
2789
732
2048
3245
4781
880
4626
1893
4430
3789
32
4560
3882
4981
974
4698
454
4221
4593
350
2488
4462
1669
4414
4470
2913
3035
1961
4760
645
3459
1348
2492
315
557
2908
1686
519
3682
3086
4743
396
1952
4798
3774
4029
3206
4475
2967
1101
4424
1884
3505
2418
728
2714
2655
1637
528
3496
523
2806
3771
284
4294
4660
3561
4463
3808
4661
4620
4691
1683
3585
3833
922
2809
1426
2391
2721
2966
3223
3023
4361
465
1914
4101
3423
55
659
456
1635
4670
159
650
3242
2764
1617
3413
1276
2421
3857
1378
1984
4081
3570
956
3307
3317
4562
3536
1345
4355
4217
2825
1489
3217
2774
3962
3381
1813
2871
1970
4517
2284
4436
3097
820
3366
1994
157
1549
4429
2043
2608
1670
3647
3596
3869
1036
1417
2395
4573
388
562
4942
2893
4929
1212
2075
3191
2849
1861
1028
2132
2570
281
2317
4368
503
3973
3133
545
4570
338
3172
1171
2363
3625
4349
1872
147
3328
1621
359
1381
1011
1845
2202
1314
2600
425
3273
831
1298
294
2506
1759
2785
290
3868
3899
4060
1778
4050
1715
4003
3652
3493
246
1291
4737
2449
4894
1725
915
4286
1819
4396
3470
2324
333
1380
1522
4520
3049
2975
4714
3724
4251
1608
2484
4555
888
2298
575
2503
3592
4886
953
1925
646
1528
2664
1376
1223
4476
3665
2699
1907
1817
4612
2093
4333
1340
470
4163
1967
2901
2940
4997
3546
4940
4825
565
3042
3238
4162
4084
988
2976
1027
851
4927
4109
3130
2444
177
3427
2552
1755
146
4968
4764
2476
2194
1805
2864
1784
4307
3406
3621
3723
542
4655
3521
203
4102
2400
3836
918
3009
1922
2412
1734
3738
1572
3549
2533
2980
4106
694
932
4464
2072
450
1010
1398
3584
47
869
4837
3370
1383
4696
168
187
3897
29
939
4928
2455
1020
1676
2594
1530
768
3149
3016
1057
689
690
288
4467
277
3161
726
4856
1303
4345
4209
4888
10
3577
1992
827
1951
2126
3156
2210
3707
1689
2147
1652
2765
2372
2756
3300
3969
2223
116
3529
4141
2218
1238
4211
239
1831
4720
1972
4406
2156
2413
1721
2627
1123
2136
3043
3026
4369
128
3010
4422
2538
4783
496
3856
1322
334
3284
4447
873
4506
3340
250
3294
1649
790
2682
3443
2313
4843
4728
3963
2122
4323
467
2524
77
3722
2459
3954
4835
3474
386
4669
1889
3575
947
2274
100
2276
943
2033
3896
428
424
3258
2874
4360
3520
2135
4280
1563
3513
3334
1534
1095
1128
4567
3935
4203
2365
4441
4145
209
3895
1477
2909
3495
4822
110
2696
1611
3152
4682
3319
3752
3636
706
4918
4150
1124
4086
1809
1302
2097
928
2889
263
4366
3439
2863
3952
1207
4996
553
791
906
4019
1372
2304
2263
1035
3006
2731
1156
1041
3931
162
4408
3926
4227
3134
1589
1198
3229
3108
3661
3852
3753
4656
4118
4913
3826
1168
4947
3996
2968
3296
2577
1335
3679
357
2303
541
937
4761
3987
551
1049
3991
319
2601
4576
4845
3116
2494
2718
4
4335
2803
118
3417
3915
4080
730
2585
978
1846
1703
3615
4044
3590
36
1395
1488
2713
3908
2265
1003
2485
4572
559
3478
2654
4219
3261
1722
1729
1413
4298
2037
1261
2868
2212
4644
3603
1402
2932
53
196
3200
983
4353
179
4100
2629
4645
1796
1325
303
3617
522
1112
2679
4072
2872
4169
172
1777
160
1497
3920
1282
3233
723
818
354
1077
131
1125
1751
606
3001
3488
2927
4449
616
2922
2208
3950
3240
3995
2214
4788
4468
3047
1654
2915
1896
853
2798
4677
3207
3325
2433
4712
3104
1067
2994
418
4143
4452
695
4271
2480
395
3559
1780
3716
1959
4113
2701
2083
3600
1283
4104
1475
804
1993
3408
4863
2463
422
1632
998
4546
268
904
3400
2781
204
2160
1079
4794
4887
1888
3672
3304
4122
725
3093
141
4861
2858
4901
2198
3819
996
226
713
3849
3278
1735
4007
2904
309
3599
1385
3241
1726
2248
1170
4972
2854
3578
471
2353
4532
1877
3820
594
3157
537
3807
1074
712
959
4367
1332
4132
3262
1199
3365
2906
2229
875
1553
3534
4604
4554
2568
4915
1854
4266
526
3770
3302
4869
1287
1556
4724
4032
2012
4538
3872
4831
2131
1245
1073
4133
155
990
973
4350
2717
2393
4420
2609
3022
2338
1619
2171
1481
3583
4185
3181
295
3442
3533
4069
698
1706
2320
3725
2060
4703
1871
3579
1080
2302
1582
4529
343
2448
3168
4348
1525
4265
3127
3160
441
4795
2530
1218
1807
473
488
3531
1320
3114
4053
2821
1093
3345
30
256
3754
1371
720
1605
4457
624
3910
3347
2291
782
1366
2659
3290
397
45
4897
2770
2882
3399
778
3499
3906
1713
892
2283
1720
3326
2295
3526
4860
2618
626
3842
4943
59
1924
4648
2399
2957
2783
4566
2004
546
4796
3028
1288
4363
2451
2497
1473
1554
4190
3662
1927
3378
1326
2711
2196
673
1008
2423
4426
3425
2257
2226
3244
2337
3859
3437
1714
1007
648
1286
950
682
2047
763
4119
4718
1806
3356
2105
3949
4779
4704
1454
2647
2741
4608
3728
4338
2876
14
2661
2152
3648
4640
31
913
3101
3805
1237
2750
2441
1226
1246
3901
1616
3002
3271
2971
1144
1997
3463
2761
2207
4746
860
193
543
3727
4428
1808
1078
432
1511
2565
3518
1692
2724
4526
1988
3796
3109
2431
1822
436
664
4665
506
3594
3435
3936
4558
4073
771
4873
1739
910
1338
1034
1053
3364
4091
4254
3824
1182
1949
2697
4469
358
4839
4979
502
4617
4078
900
601
1443
2840
2523
1120
2820
3517
387
1601
2420
2370
2079
3073
3482
4683
3324
1404
3698
3121
2044
3210
2566
3542
3064
2181
599
611
4205
4173
3018
4681
3508
2758
2294
4423
2813
3574
3864
299
3360
1569
4753
2894
50
3610
4027
2478
2383
1965
514
4553
3362
107
691
3498
2069
677
1068
2778
882
2443
3225
1017
3350
2804
1775
4637
4615
665
367
3855
167
4977
3721
4214
4304
1943
775
2589
2960
2071
2549
4891
4139
2598
2154
512
505
946
866
2486
985
3655
1973
1373
415
2168
2090
153
85
2299
1887
3051
3563
1457
4975
3005
2424
2381
4437
1730
2638
4792
265
2949
2386
3552
4450
1604
4876
352
2148
2782
1150
3528
2628
142
670
4156
976
2645
3828
1566
3993
4103
1664
2145
2852
4059
2438
1674
1284
4373
2149
4035
848
1646
1594
1504
2187
3656
4594
1357
612
1038
3135
4662
1593
3414
3887
3037
3884
2708
1215
335
3516
2049
4930
4502
3580
1679
2749
4623
1529
3251
4597
76
2836
758
1958
1898
4258
825
2502
4041
440
3415
2310
3329
475
4531
1266
774
3113
3321
4673
1389
4498
3942
254
4830
4236
3911
634
2850
2931
596
1592
1135
1425
3903
3861
3992
809
82
3082
3664
2759
2452
2537
3193
3934
2964
1047
4126
885
3803
1863
897
2195
628
2219
1498
3588
1039
636
1285
3638
2607
777
4500
3403
2055
383
1596
2668
1269
4719
4508
1022
330
3310
4277
1450
632
4628
3726
2985
1875
3745
881
2177
3628
2064
3458
2468
3342
1092
4777
3466
1458
371
1342
839
951
4933
2188
4240
1723
269
4695
4619
337
346
4836
3768
566
1757
3845
71
2581
3187
2910
2611
1290
1451
534
327
4315
874
2669
1688
517
4222
4385
2590
655
2201
297
2944
592
3221
2461
3772
4688
1542
718
3673
2520
1860
3941
4819
4962
1953
1897
2237
3234
3171
3464
1633
700
4014
1595
2220
4919
879
3649
3376
1656
457
2579
1727
4850
2057
3783
2842
2377
4591
2720
2914
1202
2398
276
2119
1033
264
3311
1267
3293
3099
2732
2744
79
4937
2460
741
2239
374
1798
2396
4536
1442
378
1449
4994
3875
4090
1312
999
800
4672
1707
3367
3072
3541
4049
130
2140
2282
3430
4161
4702
4067
4807
2977
4773
995
4046
1106
4237
1558
942
86
489
627
1415
1197
1055
4711
2613
550
4444
4893
1712
2548
1260
1590
455
533
2058
1070
4556
1758
198
3205
1114
560
4606
1693
2558
3522
1328
2076
243
3764
3092
1810
493
709
1768
411
3388
4022
692
323
1818
569
205
2394
4991
2998
1019
1232
3013
4466
4260
4038
3209
4514
2172
3944
1946
3331
132
1329
2150
126
1387
3343
4722
369
4198
3571
2550
2562
1866
4094
3715
150
3717
1148
3620
1942
195
3248
2019
1195
4765
2633
2479
4068
4306
1087
644
4337
536
674
2921
4963
2554
2293
1746
4625
4610
326
4302
663
1240
500
1216
924
4804
3504
1108
1428
154
2038
19
3058
625
4322
4654
4731
4232
1307
1791
4380
2200
1268
1731
3038
1227
2068
4583
2719
2116
4973
1643
4522
3642
4151
1547
16
1360
2163
2845
259
4622
4399
3306
4030
1386
4729
238
4309
3484
4814
510
923
4776
2249
3545
1412
4924
4384
2020
3282
2067
4630
149
2934
1060
360
1354
4372
2224
4268
22
4297
4586
3678
1956
669
740
1495
4574
2691
4883
3831
3032
4401
507
325
717
1990
1243
4870
1857
747
3060
556
4458
2157
1138
4821
3075
260
1441
4587
3766
3469
2089
4191
2261
1151
3788
3881
1119
4473
4213
1030
12
4009
3894
737
2541
1062
2329
2114
710
2723
4767
1086
643
211
4296
2622
4601
447
653
4004
1430
598
1263
3666
1995
739
1698
558
4105
101
4340
1353
1231
2887
1233
4284
2614
2209
1834
2384
770
2112
4757
2799
1143
3436
97
435
348
4270
4858
3699
1966
3308
3103
4024
98
2760
3777
1292
3776
1733
4892
540
3226
3639
3744
3396
4273
4379
3689
3674
194
1344
1950
2950
2240
3150
4716
1330
784
716
2312
2159
1136
797
1540
4541
2252
577
3069
3589
2635
122
2247
4579
4445
1494
970
3123
1579
2084
2814
4890
1355
321
3989
2056
362
3460
1203
78
2264
3735
2610
773
3433
590
2292
530
2267
1281
2290
2233
2407
1932
3379
3143
3677
4087
4609
642
1531
722
3975
4557
4231
1844
4953
2727
499
916
1779
4976
3494
4215
1738
3701
4040
2077
1612
1905
1559
2508
1131
4021
3216
1862
1690
714
2905
2712
3283
2885
2604
2578
1543
2716
2501
4076
4456
1602
3112
901
814
815
283
887
143
3050
2641
2002
1486
1682
3129
982
1061
2995
207
2271
2958
2144
1867
2477
4509
3983
3368
430
4425
4325
912
4474
2088
4490
1414
81
1974
2025
3447
3612
3472
1256
3480
4880
2941
595
2819
2278
2063
515
1913
1517
1467
3839
3056
121
1050
1259
4790
1406
2812
377
3755
3100
610
1937
2270
4300
2535
4999
1244
235
2676
3564
2134
4417
954
4045
4483
4332
2866
4726
733
2582
3483
305
3914
218
1253
2358
409
4941
4301
2011
4884
1275
4581
4223
568
1587
3128
4694
3063
3159
1435
3454
4871
3641
3704
2437
421
2643
4857
4313
4308
3192
2366
3048
492
289
2464
3739
4131
4269
67
2170
379
4621
1005
2634
571
4000
4552
4374
2559
3501
4241
460
2100
4008
3502
3974
4838
4249
935
4525
4448
1918
822
1217
1892
3540
2670
1321
2401
3837
544
3680
746
4939
1211
2986
4416
1500
1847
4523
1883
4020
1944
1455
4494
911
1879
4202
949
3535
11
4751
3741
2636
234
190
3337
813
2766
4548
1502
282
4289
4387
3422
4607
4904
907
3110
156
984
3551
811
1090
967
1833
829
2018
4432
1309
2286
2352
2536
245
2130
4153
2753
3404
4916
801
613
4276
1960
4733
466
2956
3231
1111
2469
2930
4708
3432
552
497
4354
2193
3650
1999
2127
1076
2925
2790
33
4515
3802
4803
3029
4192
2920
448
2342
4643
1084
1278
1258
4513
3986
1097
2191
1082
2355
4578
1369
262
2371
504
1063
189
641
623
2807
4758
2855
3793
731
4112
4782
842
693
3860
2751
4259
2137
2710
3011
3999
3644
2430
2791
3098
1976
3778
4418
181
1575
4482
1046
3453
2221
4935
339
49
1580
1583
4095
3780
4896
249
4036
1179
2542
2543
291
4262
948
847
3713
4741
1662
2483
3017
660
1113
3218
3401
3919
3202
2095
4956
3195
1648
434
3124
1476
3821
1600
3476
1533
3398
1141
498
3810
4026
57
3208
4676
3841
1576
2678
3387
103
1118
1262
4596
1891
2073
3323
4376
2616
1824
805
2838
331
1208
4721
1037
1512
602
186
766
3247
2722
2745
4829
1505
708
3467
4875
3264
206
3800
3249
44
1650
4616
767
2830
3487
1403
671
1391
25
909
4438
527
1121
2495
2121
1161
1923
39
4388
1615
1480
287
3972
756
404
4865
2519
2422
4382
2458
899
4923
4061
1434
2032
349
3194
4047
2404
1551
588
199
2663
3509
2505
1945
2575
1513
2767
2161
2795
608
1447
2990
672
223
2051
4852
2388
111
1515
1031
3077
4982
1294
865
1687
1485
1213
1191
1986
1539
1018
854
1349
3947
3687
3263
2183
1164
1865
253
392
1501
449
458
403
2881
1436
1397
344
1103
4569
2903
3003
1368
2824
1610
1370
1901
1585
4146
3822
1214
4148
1427
2258
2115
3816
872
2729
4516
3601
3419
4898
3235
2692
1484
1375
3885
1630
2521
1392
3851
2357
4056
2289
3140
2250
1979
2272
3912
4451
4778
1837
759
3219
4497
4453
1421
4964
1204
615
3886
3955
4512
1853
2847
2174
2953
1627
3567
4493
3320
2213
4686
3352
3970
1040
3832
2142
2227
2117
878
1220
1196
2007
275
115
3709
4815
4862
4762
3736
2895
516
1859
4089
3691
3485
2675
3630
1205
4082
4575
1754
4200
4123
573
4016
4311
3862
1313
1763
3758
1064
4632
2308
119
2567
400
2301
2823
2238
1483
836
3757
2527
620
680
3019
2065
1469
4844
1401
688
3759
2230
4853
3763
1895
1783
4136
3490
2848
1672
3369
1185
3332
4639
3927
3313
4868
4564
3692
3285
298
1181
2739
2402
2296
4730
1343
4433
2833
43
1852
1105
4147
2746
3462
2525
148
3046
3900
1109
2923
4990
2943
3613
4535
2588
2041
2752
4194
1334
3604
762
4208
1849
4117
1346
4252
769
4377
2911
2612
414
3089
4207
1908
4747
3062
1472
2217
920
658
1954
3555
3924
1828
451
1295
1651
4358
273
3637
4907
3959
1696
3438
4842
1300
4152
4275
2129
2340
4668
2999
4110
4542
4334
744
4212
164
1025
4093
139
4188
1785
3767
4478
4015
1115
4127
1947
251
2475
210
4631
3297
3791
3455
538
3853
2979
3373
3812
2912
2232
1597
3054
3040
2087
4062
3814
4813
3671
3291
4889
2309
1573
4324
1352
2671
3879
931
4128
2649
1578
1316
3809
1980
4305
1667
1440
2544
561
1088
453
3102
439
314
2453
3030
787
431
4501
707
1702
971
894
2698
3525
1641
4226
1155
4641
4167
4002
4806
2737
1359
1800
3492
2348
48
302
4356
2417
1006
2648
1671
4735
980
1653
2189
4398
1642
3696
4039
3964
279
2811
4780
3627
3703
4600
73
1122
4967
89
4278
1147
3266
3514
618
2981
4811
4833
216
1172
486
3
2926
3622
1793
2801
4245
1065
1599
2456
3033
2473
248
4671
583
2875
1463
2014
2757
4051
1139
3477
2918
220
3946
1470
3980
1004
3198
4659
1032
3737
1110
2123
2061
4328
2046
870
1453
783
4460
1193
678
2512
446
2936
4310
70
3898
4134
1764
184
681
2350
635
2314
474
4809
1362
4096
4204
4748
3702
4739
1174
1826
683
2948
1012
861
3731
1429
4244
4878
1180
4097
1274
4489
4816
41
3990
629
3445
2564
375
318
188
3456
3301
2255
2231
4229
96
834
4633
1742
2569
4074
4687
3186
1140
1836
3475
38
2387
3461
4882
3486
1645
62
1201
1736
1948
2843
3984
4902
513
4715
185
772
2045
3965
4064
88
2500
2933
2164
2945
7
1433
1584
508
4749
3473
2236
2081
2897
4099
1423
477
2884
1153
1396
3429
4938
3080
208
1843
292
4443
3818
649
2763
3402
4505
2269
3397
1024
2179
54
3801
2465
192
3550
3616
2472
1183
1981
3044
2266
1424
2748
4391
2851
1917
4693
2620
1855
819
1903
1518
1787
3256
3215
1792
2042
2128
3688
4577
3922
3556
3645
3844
1535
8
1431
1336
2347
80
736
4664
4057
3785
2360
2016
2178
4154
2870
2425
843
1964
1699
4135
2522
3280
622
3394
3760
3519
2374
4906
1609
364
2376
1255
816
1719
2954
4108
4812
4590
329
3416
2962
806
4125
2432
3663
1912
412
867
342
1705
3976
4288
2180
3787
666
2225
3597
2158
2344
2439
4120
1280
3633
2896
380
614
3147
4025
2111
2107
2369
2204
581
2096
1929
3357
4461
2109
1021
3932
3909
1745
3185
1776
2176
4725
345
1732
1393
3232
518
3176
2817
2963
2334
3756
738
3148
2992
125
2993
3166
3481
2316
2414
1773
4966
104
4140
4684
2780
3230
4658
2125
1272
4481
4881
2773
1016
4510
4528
2666
1165
313
1557
927
3491
617
2327
429
2254
3544
2667
1737
1044
4098
3850
1936
3170
2343
2878
4653
3982
3151
2273
4357
1890
3339
4465
2658
1026
921
4961
4646
1744
1794
3750
2297
4675
886
2877
991
1770
1337
2587
1048
3122
3393
4485
1577
2583
1848
2571
4565
3761
2113
4199
495
3790
1221
4756
4137
3968
3389
2997
520
3587
382
4317
4272
2828
1675
1811
4685
1408
2440
802
4319
2009
807
4013
4193
1562
1868
4499
4603
1410
864
2256
2929
903
3917
4910
1264
580
2652
3565
835
320
4018
2482
2857
1210
2
969
2435
1444
356
3751
795
3595
652
4010
4957
2001
4383
4988
1613
4921
2496
3510
21
3557
4534
2841
4410
2106
2474
4184
2681
2082
3146
3031
252
4867
3582
123
3318
4827
3933
1051
3928
2642
1102
1772
2133
2777
4802
3539
3867
4210
2700
3424
862
494
1399
576
4801
3938
1624
4023
1985
2415
3162
3426
3668
3847
4828
4196
661
178
1684
2035
1762
219
3111
4877
91
3095
389
462
2192
1740
3428
4293
704
3371
1827
1409
3960
2946
2677
3094
3500
3137
4602
3705
3012
2687
4934
2285
3694
4253
228
485
3657
373
2974
2704
2262
3449
481
2487
3685
1753
482
4618
300
304
4742
2259
1882
2185
4754
3338
3105
4320
1496
4992
3605
964
1716
3346
4321
1541
979
1130
3212
405
2899
4228
4247
1052
1184
1521
3971
4585
4279
169
1107
4058
2561
2707
4299
4571
2646
844
3543
788
705
1000
1561
4547
3091
4455
1296
1788
4157
2835
3014
68
3888
3021
3382
3530
3177
1812
1265
4985
838
2027
1544
2190
4446
4524
4165
4491
3348
1126
4344
270
3184
3690
785
532
480
2792
2517
3811
3653
272
1081
4295
4911
4647
3916
2429
2241
4314
3059
401
4755
332
4784
4158
2938
2815
384
798
1462
3079
1305
3848
2769
1145
2560
826
3871
3243
4484
2902
2382
2345
75
135
3943
2102
3312
3711
4663
2031
3359
4539
3907
1816
1478
4832
3876
855
3804
4723
4434
2547
3779
4763
4740
35
1629
4786
3729
1710
3576
267
2493
2336
750
3434
3391
1915
1598
702
2605
2984
464
2595
3420
381
3327
2036
420
3782
2891
4378
1850
3045
3395
1708
4895
2827
1327
589
2197
647
2526
2703
1523
699
3055
2288
2796
2030
4652
4386
66
4341
3966
3948
2349
509
992
2244
1701
2005
2405
701
2070
3892
4267
2328
2540
3866
4389
4239
3683
3956
4155
3007
1014
4931
2139
3004
4797
4920
4492
3441
2991
4397
1187
2471
4971
4142
2917
748
4225
2074
1152
2410
1405
340
3878
4006
555
2098
2175
4351
2108
2859
2660
17
4717
3749
1146
3361
2534
3569
3913
3977
1173
1358
2146
2466
4287
2104
2397
13
2222
3386
2354
3418
925
2970
3276
3786
1104
1636
468
212
2491
1663
4427
2556
1565
4983
3730
972
2919
1858
2094
2062
4799
4543
3823
850
2028
1277
1311
531
2513
1717
3870
2621
3298
1614
3537
4065
1814
4329
1886
604
1982
2341
1874
37
2143
938
2528
95
2973
2599
2318
1803
4274
1657
761
1524
4635
1132
2775
753
2120
2987
2211
2755
158
2153
4908
3953
4808
175
3773
26
2408
2280
4700
1347
3489
3675
4362
703
1842
3341
1177
293
236
1491
2680
3646
4174
4318
3119
152
1001
3066
3274
2509
244
2368
1363
607
4495
4471
1002
4736
1536
4846
2831
1823
2235
889
4316
1377
3670
4246
3988
721
2390
2886
