1000
random
211
767
857
644
977
460
545
198
525
255
924
635
669
555
459
799
353
648
242
910
886
427
957
333
828
636
659
70
538
752
185
769
961
639
380
324
630
74
913
985
178
810
172
883
41
685
407
462
464
383
937
953
661
408
565
177
583
997
305
980
63
169
518
615
831
998
955
285
148
782
236
188
43
652
6
316
526
766
665
912
5
194
773
693
505
498
852
126
310
184
646
497
683
671
55
227
517
485
732
205
379
504
546
412
734
425
143
92
649
638
613
372
272
843
200
784
960
159
856
403
763
956
625
850
468
585
90
742
832
338
112
366
540
244
684
430
962
971
142
336
250
189
129
758
75
145
658
915
95
441
117
466
754
695
715
76
100
593
793
898
432
536
122
712
254
969
199
339
297
442
682
846
838
847
219
157
364
97
894
213
351
574
762
705
62
136
467
899
241
358
733
528
999
35
334
319
367
99
40
473
983
496
968
790
421
602
147
869
687
404
936
534
470
85
643
765
12
991
386
925
743
151
313
552
656
801
660
101
26
666
809
724
374
180
141
689
855
926
465
863
996
89
231
28
813
246
952
30
2
578
44
469
716
52
259
270
155
611
149
745
127
449
401
702
32
807
776
286
902
22
343
949
862
728
33
519
812
564
347
152
877
418
824
210
208
651
484
269
133
771
600
601
930
503
394
344
228
792
739
223
390
419
435
976
376
751
271
84
679
542
634
102
759
714
298
494
304
327
770
245
357
698
785
979
59
20
885
551
120
798
629
627
332
88
896
875
626
124
354
410
876
238
479
434
239
264
24
82
576
994
406
889
375
456
331
277
800
398
510
775
624
87
608
680
515
645
919
19
694
237
492
439
11
537
703
897
893
116
287
493
212
183
225
345
455
292
935
959
990
202
411
295
607
674
567
681
783
426
436
176
879
268
642
164
482
908
747
450
880
433
709
106
882
909
83
946
311
10
220
840
314
224
144
160
216
471
457
156
217
903
451
370
392
692
931
256
589
204
214
550
650
405
851
791
779
623
140
516
951
265
981
531
522
756
943
513
81
25
132
49
594
206
251
950
891
207
283
261
556
326
573
445
866
544
914
849
706
723
289
657
592
764
768
802
130
905
64
222
27
221
103
670
511
740
748
541
906
65
428
677
123
119
865
845
975
308
166
38
988
823
330
387
524
201
104
721
114
267
508
444
69
750
803
929
735
965
191
110
381
571
86
874
162
215
560
235
944
21
447
942
708
337
391
230
704
917
98
424
290
512
355
360
195
300
620
575
325
727
400
561
388
557
933
18
820
362
599
279
691
135
825
371
755
291
725
7
312
53
323
226
836
96
506
352
161
621
329
710
477
973
918
36
559
274
805
678
853
804
603
982
476
0
797
569
15
397
260
395
303
527
341
934
423
46
306
78
826
429
233
45
827
174
720
113
39
437
539
814
901
68
676
47
858
488
726
861
729
507
187
309
79
483
128
91
393
500
619
530
895
995
29
859
701
586
631
749
218
854
841
378
463
817
422
501
77
249
278
209
134
13
150
8
584
37
690
816
368
229
987
730
795
389
495
612
523
605
196
415
282
168
597
31
16
829
647
582
622
416
443
491
978
667
806
958
146
171
399
48
307
591
318
640
509
818
107
604
533
182
521
301
570
17
137
928
490
609
56
458
192
486
349
9
972
848
125
711
870
197
794
900
165
655
294
566
787
4
966
830
558
181
240
761
263
954
93
115
938
108
280
796
328
446
396
234
186
481
663
595
967
257
778
1
499
549
288
970
489
342
382
57
713
614
478
346
738
673
835
984
50
296
688
844
834
637
587
243
696
554
453
974
577
757
72
916
864
363
860
203
921
262
315
373
839
904
361
302
588
61
154
563
878
579
888
598
780
884
51
923
686
654
873
993
321
163
273
440
872
781
822
777
454
986
173
632
568
153
118
281
170
414
438
868
320
385
964
258
105
572
890
356
668
871
722
266
71
365
340
945
475
932
606
299
369
697
590
616
760
317
548
562
420
543
448
34
54
675
42
532
842
753
719
452
58
887
927
158
786
275
672
664
350
992
175
67
472
487
247
417
139
610
167
23
633
628
413
121
662
461
788
772
14
73
939
131
833
867
811
989
580
911
789
359
138
837
377
547
293
774
348
717
736
284
253
276
66
741
111
60
252
94
744
529
617
431
109
520
474
409
384
248
480
821
819
179
641
947
963
596
941
907
502
881
322
335
948
892
581
922
731
707
920
808
232
940
514
618
3
553
699
653
402
737
80
193
190
815
718
535
700
746
