250
random
52
149
57
249
228
121
31
15
243
19
33
26
99
246
195
48
132
206
37
59
18
64
208
232
62
54
136
221
13
44
165
81
162
141
197
190
45
193
40
42
90
134
96
218
3
58
95
86
154
5
79
32
34
125
159
61
205
55
234
239
7
126
143
91
131
110
138
4
233
170
230
247
211
80
43
25
98
105
237
56
235
85
173
244
100
245
28
222
71
242
106
187
30
240
115
224
47
172
207
94
248
135
83
188
191
2
214
107
163
144
76
209
167
120
210
77
21
101
145
153
130
182
179
146
69
88
10
227
186
168
123
70
148
225
113
103
67
139
127
129
199
119
72
176
177
236
184
65
180
14
194
157
17
51
97
104
156
169
217
1
161
203
200
93
196
68
174
142
226
219
215
118
78
24
53
109
181
151
20
46
241
49
102
192
92
36
202
171
41
73
238
140
152
11
22
74
183
63
229
75
29
6
122
160
147
150
164
50
175
8
158
82
60
189
39
216
133
166
84
108
231
178
201
66
185
87
114
128
198
111
220
117
35
124
204
213
116
155
27
38
23
89
12
16
137
112
0
223
9
212
