1000
repeating
737
227
522
505
325
109
41
147
34
726
668
739
79
442
648
569
304
808
275
611
156
687
131
253
781
434
141
125
162
361
570
643
51
514
653
751
774
785
155
33
72
749
283
24
114
517
136
111
285
130
29
43
609
220
574
135
249
40
77
420
62
404
43
230
490
553
716
81
45
793
530
145
665
223
394
690
616
25
615
473
138
28
637
446
30
8
48
258
5
306
527
630
593
440
182
747
430
787
363
418
811
128
347
237
757
350
26
21
672
335
695
260
364
102
822
90
243
248
75
152
27
200
820
321
35
189
523
62
12
42
504
180
506
75
300
199
140
786
502
541
710
603
54
597
778
525
205
217
568
80
34
639
322
396
186
586
380
65
57
158
161
194
173
228
178
113
265
732
773
489
100
196
160
743
625
414
13
312
400
231
93
280
677
485
812
576
44
432
755
405
692
302
346
401
766
55
82
278
89
150
408
113
154
11
354
281
689
309
753
165
655
488
151
32
323
448
291
769
529
162
756
149
376
372
411
800
740
645
110
799
424
428
150
264
656
327
457
124
139
533
697
606
299
187
370
494
320
640
817
735
474
59
141
552
329
601
459
98
100
148
475
451
466
809
212
14
415
172
148
166
98
703
678
174
393
666
31
144
673
483
77
16
276
242
582
46
282
153
143
157
450
73
163
683
549
115
571
290
20
208
344
318
631
47
686
578
696
38
454
57
2
422
184
771
806
126
169
644
804
109
102
50
44
792
462
377
293
49
621
449
30
626
319
92
500
770
815
661
392
476
406
461
272
803
731
681
176
198
267
780
112
427
784
39
22
658
599
662
764
478
823
646
537
232
159
66
359
156
650
177
326
600
518
463
119
512
10
351
338
635
783
94
35
206
40
782
123
286
698
20
362
479
60
78
97
305
453
229
519
688
717
636
252
263
149
608
214
651
201
760
124
95
74
314
468
94
122
470
41
794
357
464
140
193
493
594
343
181
511
425
443
777
779
720
69
629
353
12
421
590
331
746
120
675
119
175
336
239
17
13
97
226
218
294
2
42
542
497
725
535
587
142
96
700
14
317
654
712
728
797
130
767
161
165
92
53
573
270
798
718
316
591
613
659
143
152
4
496
633
127
536
133
55
173
292
216
460
90
202
534
101
134
38
56
388
95
674
680
580
605
82
334
127
360
236
456
101
699
727
86
107
340
209
74
562
705
131
352
9
709
693
108
111
271
438
144
105
123
83
796
104
407
11
79
191
531
412
452
117
31
246
383
589
66
544
58
676
559
167
441
88
722
444
510
151
632
715
554
168
36
172
555
296
233
810
21
37
288
814
54
132
596
532
170
137
548
521
509
61
132
3
721
96
345
29
566
622
669
84
711
235
297
436
65
685
6
419
190
15
664
730
801
171
27
103
469
399
71
477
174
524
61
169
471
23
789
8
802
641
166
19
765
528
147
649
188
550
129
121
520
503
284
277
60
557
551
70
164
115
303
389
86
221
595
617
366
390
91
164
85
59
607
501
583
234
355
52
375
203
623
724
256
48
39
18
384
153
145
36
386
78
63
818
561
136
73
738
813
742
3
240
498
614
24
410
313
733
289
219
210
87
507
704
429
274
70
652
50
25
68
112
4
5
207
455
225
526
250
51
99
87
26
543
358
339
437
445
125
379
46
642
395
515
118
403
513
776
160
238
708
68
682
734
154
261
107
108
758
349
575
579
204
744
17
106
545
311
750
707
224
618
387
254
67
179
244
547
433
373
80
558
684
241
106
472
259
170
333
667
365
598
139
307
374
791
816
71
748
32
577
104
821
52
76
761
99
72
508
481
222
142
657
714
315
706
565
719
22
49
447
619
369
378
588
337
367
790
585
110
702
762
563
671
295
736
381
341
409
301
759
480
371
69
647
584
268
546
634
465
37
745
581
416
211
567
310
298
423
47
33
824
185
426
391
117
53
1
638
273
1
146
18
516
691
328
116
807
16
564
308
197
499
458
103
772
168
486
348
129
116
126
397
159
628
491
91
64
215
660
167
332
138
495
262
795
602
255
417
93
729
368
158
342
620
805
324
88
121
467
741
128
0
163
330
213
398
592
76
257
155
84
752
58
287
572
382
192
67
9
431
713
195
624
484
7
754
45
627
487
134
85
19
15
120
269
0
105
56
768
89
28
135
171
23
122
183
157
819
413
146
492
538
279
701
133
723
118
251
763
610
81
114
604
6
137
7
560
540
10
247
402
385
775
788
64
435
356
439
245
63
670
482
679
612
556
539
663
83
266
694
