5000
repeating
215
1413
1409
3292
2026
3120
3105
2468
2339
2876
4069
328
3617
3615
2832
2782
3150
152
2053
441
2691
349
753
3098
673
1096
1125
774
3964
14
1124
1235
1632
2420
18
3920
2814
1781
1899
429
2200
3938
589
2009
1677
238
1109
1871
1145
2517
58
677
759
1156
681
3976
3786
402
801
1432
21
388
3663
102
1515
840
112
83
2904
2568
1207
1499
3276
89
4084
898
1200
3260
1414
1486
3785
88
584
2024
1204
300
876
190
2442
2294
3901
1656
101
1930
1867
1070
2945
1669
1064
3433
115
3456
3985
704
2152
2265
91
2670
681
357
3055
206
2645
600
371
2922
365
1552
3455
539
377
3028
3505
343
812
758
1146
2643
1267
714
2852
65
2418
688
3624
565
3951
2315
3885
1868
3987
1828
2279
1106
1538
2935
3154
2269
998
1739
614
3518
2746
821
2757
787
3815
2478
493
282
1382
3058
716
1128
627
3616
874
3590
731
3447
469
158
1472
368
671
3145
549
683
2211
1591
384
3078
3156
1278
3130
2776
1215
4062
3682
1877
404
1894
309
725
3195
1212
2739
1793
164
2412
425
2803
1981
3115
509
3534
740
3498
750
3096
1412
1857
3965
1245
969
836
1989
1535
3349
626
2560
3061
3632
28
1695
3074
3909
222
3162
717
2120
599
2507
678
174
2695
728
3655
4061
226
762
1133
2802
3060
335
3705
3848
396
375
1953
560
460
3353
2480
3558
3371
2745
2729
22
2656
831
696
3550
3571
1785
3818
708
759
245
2464
880
1352
2582
1085
2170
252
2090
1965
736
338
0
1421
2465
490
1252
3228
2597
3781
172
2883
2469
1254
3419
2926
394
3474
184
3362
729
3793
3828
1534
205
2382
2980
2125
1095
2752
743
1494
3235
3966
3307
2929
2949
19
316
2270
3854
537
3740
676
613
2064
2289
2595
3583
2485
917
1442
2888
3529
144
2844
1993
1727
219
706
322
4016
3783
3935
479
1522
473
732
3853
655
3671
3363
3305
1381
3832
548
1376
1090
3611
345
3136
596
168
73
399
374
1541
2993
2065
3412
2977
2320
1705
2686
769
1612
2838
3980
2497
1679
3545
718
578
4106
783
1477
3607
1272
472
725
1528
810
3955
1975
1061
3045
838
383
1378
591
3969
2063
3272
1947
383
71
3730
5
2654
3442
2788
3890
2240
2933
2215
632
345
135
3401
1692
974
3973
2143
3133
2658
98
3257
137
672
3308
3042
2743
3496
3622
536
3640
751
2151
1974
2368
97
514
3962
763
3961
3463
755
166
2140
162
1862
523
1419
2770
1335
841
652
3523
3704
216
3700
17
1749
617
3959
3662
1742
949
296
1274
3124
2109
1996
3254
1879
2952
1971
760
569
3054
566
3313
303
333
946
3931
3233
53
2620
154
1489
2740
648
4059
1621
3591
814
3175
3719
4081
609
2001
3695
1593
2452
2510
2674
2350
796
3731
3875
806
2482
2685
1017
420
657
790
2966
110
693
466
756
1120
3601
3008
2828
1205
2425
1631
177
1455
2600
301
3943
1467
3650
2132
2523
3895
4025
4027
919
4052
105
2619
563
456
3667
1465
1521
496
4076
606
4103
70
746
1065
2119
552
66
710
462
1856
546
281
2518
1209
1426
2242
3618
1091
2905
1451
1313
2629
1194
1733
27
1045
835
1053
1260
2761
2700
769
3041
1507
1751
531
3411
3315
728
1020
802
1699
2648
171
3829
3835
354
3946
423
3552
1463
510
386
3970
231
95
741
562
4009
4039
419
3736
20
1784
216
3465
3891
3940
985
3800
3941
1944
122
3954
3493
140
3021
307
511
452
1991
2559
2424
3836
777
1776
217
194
2431
2683
1493
444
601
1721
1318
1933
4030
471
907
3059
3199
1271
1520
3631
1694
3266
1646
247
3007
3126
1380
2186
2908
2799
29
241
1560
807
3326
2128
3932
427
455
2821
290
3771
3825
1720
500
644
1950
4118
2812
4015
50
1470
1770
3048
275
179
1263
2389
3324
2107
2599
3907
362
502
973
3006
2011
1834
1900
4098
547
1790
1700
578
401
399
276
2212
841
68
913
3295
75
2189
3992
2974
405
503
2023
2196
1659
734
638
4116
930
3106
2171
749
4072
288
1916
2130
327
406
828
1361
682
542
2943
429
2329
2697
659
834
934
2587
619
414
3009
627
1941
1934
2371
3452
1676
3634
668
262
2084
2494
1851
3213
1266
2970
2947
1743
1728
3164
808
1063
2167
1887
60
3431
2191
701
150
3898
120
3642
191
3603
495
600
172
2779
3396
1362
3753
4022
1601
3426
1294
112
466
1
1847
48
477
106
1350
440
1262
467
3482
1431
2096
517
1349
1529
175
3087
662
3384
1596
3118
872
968
342
830
4047
2116
4112
45
3977
221
3374
2201
2496
1710
46
846
1748
455
1458
1647
1684
694
2466
2448
4036
2091
2546
1384
538
1718
842
1786
3185
2416
3701
3564
1240
3757
1097
135
1788
1111
366
282
784
2254
3779
1861
228
3012
2647
46
1359
290
3858
2650
2611
1508
363
2895
599
1264
540
2617
2997
3868
245
2461
3432
1693
2231
2012
3991
463
541
3802
712
390
2846
2319
2198
595
3034
1121
247
2146
196
2422
169
861
513
1249
2682
2029
1569
182
2586
3113
2798
3928
572
690
3392
3259
3026
2075
709
799
2621
2623
2342
342
901
3372
3742
7
3554
1159
1967
397
3675
3152
144
3525
693
754
3585
3830
2136
1838
2306
232
564
2571
3395
1460
1597
276
1342
242
2387
1309
2771
3239
222
1469
101
1170
2635
1405
709
3773
4013
1577
2409
2841
3079
3758
3559
645
2902
3436
3193
189
3358
177
2256
327
2533
868
3346
387
337
1119
252
2440
3445
2126
418
3577
1026
3683
2446
4094
853
1826
156
823
3639
89
2296
2698
3322
905
2839
1147
1524
2400
875
2511
2939
2099
4001
3628
52
3038
413
3296
353
2763
1605
200
3727
1955
1990
1371
391
1354
2291
163
2224
3948
2857
3306
92
2086
1256
1961
2203
3422
209
15
1815
2759
138
1966
2896
2984
1427
3424
3368
794
524
1723
3104
453
1013
416
3668
52
2748
2931
1782
337
2837
3216
587
2233
2027
4017
2662
622
1960
3515
174
80
3354
207
118
1305
12
3188
314
1873
2110
1892
2845
2622
4
1308
1833
3592
376
3837
2897
3301
2677
1929
2535
2920
2744
363
665
3807
2826
1367
1270
1024
3728
828
1152
3718
257
390
1943
571
3978
3620
1080
3687
2393
2911
2030
2631
580
590
664
237
22
296
585
824
666
1247
2531
3077
2570
1392
3495
561
585
2918
583
565
3726
1725
2640
2820
734
4074
1237
3201
2251
44
226
3478
54
1038
445
2734
1842
1387
3251
3685
3169
526
1980
3872
208
4034
810
848
775
892
104
3352
860
1396
3649
1830
280
3370
753
766
2433
3336
721
2661
3141
721
223
1666
3809
3999
2386
3435
51
2333
1587
2574
2474
291
2492
5
2105
3975
2275
3335
1730
1140
2355
3626
1316
1312
1436
857
3697
2649
3003
1999
567
1048
3539
58
1513
2762
9
1843
924
2038
798
612
796
644
573
2890
84
686
2462
4040
980
669
3183
50
1886
297
1836
3197
206
194
2983
457
4101
1081
748
3208
493
1073
3117
3224
64
163
782
2605
2777
3320
435
180
1594
2800
415
1179
152
766
2991
2457
3303
2522
1756
2965
1791
1306
1661
143
640
817
388
2247
3561
2613
3774
3933
1019
284
1766
94
3949
23
2017
2824
3399
757
650
990
3237
809
1290
3343
951
320
3859
1882
3673
3528
2155
1726
2437
318
416
868
439
699
2428
947
895
666
3218
83
992
1686
434
1825
195
691
2444
4080
3187
2112
680
2673
1129
2292
4048
2775
389
3664
13
2262
3357
4105
1642
4046
131
527
3766
446
1772
588
414
139
3319
20
1850
239
2334
4064
369
4082
2067
1606
3157
576
694
200
3001
1425
2795
4092
1801
2347
3181
2906
1956
80
195
227
479
1433
3429
313
2335
2481
356
188
3834
3070
713
1339
3049
377
250
3693
3982
617
3405
1783
778
395
470
1075
904
551
772
674
2950
995
873
2055
2157
1503
3270
2914
165
487
2514
4003
765
131
1296
1189
812
2015
2735
2241
642
3410
645
2020
533
4099
2088
1440
3709
3942
3484
783
2603
643
528
1116
406
340
42
103
49
1315
2054
1404
1144
2303
2356
3293
716
150
614
656
2022
2530
43
1805
2160
375
532
4012
931
1122
1760
888
590
2183
454
2283
2785
2968
323
2534
2967
3407
2709
3769
3918
545
235
403
3588
413
2543
1658
1322
1394
2139
173
1949
1422
2813
2450
3761
1344
475
1399
1172
3569
804
1655
918
767
336
3689
2111
2326
3698
484
1885
1360
402
3267
2708
3752
3428
1337
605
1983
3880
1243
731
284
3376
273
4090
392
2669
438
1196
364
34
2239
2944
1401
1573
1011
243
2545
2644
781
1973
230
532
113
468
161
2034
1537
2165
2554
1154
118
3487
3532
432
1181
261
3747
360
1214
1161
2576
210
2960
2998
2653
2981
3713
730
212
4
1590
705
758
780
678
1764
4042
379
778
98
2008
1324
3916
3806
1548
2712
3939
130
204
3451
3927
641
221
477
727
330
575
697
582
410
2696
3780
372
2941
517
3960
1576
2281
1979
2541
684
1286
2566
3037
4114
702
1844
1398
77
192
3258
3563
971
308
2563
256
1820
3212
507
280
1336
449
1673
3934
299
1986
2679
142
129
2402
3434
2927
3268
3565
1141
3231
2399
2764
176
2061
2840
1745
2891
3796
3211
2711
2299
3489
312
2304
2178
643
2145
3856
3614
3570
705
3635
2237
2413
607
3721
903
37
1016
2573
3839
1611
1076
933
2121
2246
3827
155
1771
603
255
1037
511
2719
1142
1505
472
2383
136
2077
2035
2954
417
1056
430
391
340
1588
224
2753
1878
818
826
1883
3797
3052
34
1754
183
3286
2430
1841
3417
2407
367
1233
689
667
932
4087
959
1703
720
767
1408
2912
2163
1319
3151
459
2558
2229
3587
88
823
1581
236
1010
2117
631
2313
1482
3794
3016
2108
442
2924
258
287
3287
576
346
2784
1625
1547
380
3051
298
1987
436
351
2472
3950
3745
3014
3627
39
3990
350
362
2310
3119
2429
2164
3953
498
789
580
3729
4024
1525
475
2321
324
525
2213
733
772
2131
3503
110
132
3576
121
426
3084
815
2727
2973
2220
1579
489
795
1491
3144
145
159
3849
1280
884
203
820
3347
1768
3338
1920
69
1273
1490
819
1635
2080
874
2646
3236
1177
2348
3720
279
1151
3312
1176
2384
2693
1936
3459
180
3437
19
404
856
255
2176
2865
2710
3945
1052
1712
513
324
3036
4117
483
70
2483
1675
330
3485
141
4056
2274
1977
764
837
3500
2715
1995
847
3390
701
3457
3091
2642
1030
428
3841
3409
2323
619
3491
1014
1619
2346
2092
1603
2031
312
356
249
742
232
761
187
894
1670
3762
237
3318
3166
618
2664
3004
168
822
724
714
1775
896
864
316
604
2783
2390
3972
611
1717
1345
621
976
191
398
476
784
3244
3520
2849
2884
3887
870
1373
319
3551
667
2365
3889
3364
975
1355
3681
434
2217
2056
1859
3819
1218
3760
630
3393
2951
86
1972
2301
3423
1671
293
1255
1474
16
723
3475
1545
2738
2322
309
1626
225
3670
2625
178
3791
2367
1602
626
366
2569
60
1201
2894
233
2917
2401
1054
564
2721
257
2553
3226
2058
501
1595
2147
2539
1364
2923
185
2938
3356
205
729
1113
1068
1696
3723
608
2259
3658
188
2169
1285
3328
4097
852
2087
2956
567
3186
1246
1069
119
893
3225
826
818
3678
2454
1001
2235
636
61
2194
1639
417
2460
659
167
464
583
3227
407
3831
352
3252
2388
3174
668
42
1946
1153
3446
2955
1435
3813
1157
3339
2805
3684
422
2288
107
1624
2797
3997
2016
879
1297
478
816
3333
639
228
1230
409
2341
1854
3116
1439
2985
3533
1884
145
1935
3284
3750
1502
1948
928
117
2159
566
504
792
2809
153
2528
1908
866
3246
1093
298
210
824
59
844
2919
1544
878
3064
261
344
121
1044
443
2267
2057
1852
157
3222
2790
3823
233
1067
2490
1033
1988
76
1870
2835
573
1641
640
2999
3881
1668
224
3633
3221
147
2098
3086
853
3820
90
3247
708
373
387
2934
2044
1937
447
3480
1912
1982
3748
492
854
3404
3019
3473
1241
485
4089
219
2007
625
141
3988
2243
3557
1951
699
3792
1171
1812
1138
1623
2345
1390
1036
991
806
3350
2596
165
616
2166
1248
1746
3483
3767
1925
2536
866
96
613
3851
2037
908
2414
3886
579
3821
465
2990
2370
26
724
2868
702
171
450
3277
2002
2358
495
719
871
2097
670
3314
2525
4077
3754
4026
264
575
3711
1891
618
864
3406
1653
436
2921
543
563
3497
2819
749
2177
3842
813
2731
589
1627
839
431
3659
737
3768
3568
2284
27
548
939
1634
1789
421
55
1462
2104
3929
386
259
559
3010
2135
2410
2218
3337
3605
124
1166
646
811
1301
3630
711
2900
1429
4053
85
3910
3917
1687
3015
2144
2290
78
315
3294
805
3425
3053
2094
2197
4068
1050
2756
350
31
428
3134
3944
1077
2066
1284
182
164
1330
512
1191
4049
4063
1680
2651
1195
1288
2137
3923
2421
984
178
1757
451
4119
1962
1328
3000
859
2255
3275
2
3210
4122
1539
3643
2616
635
732
1580
897
3440
1713
1208
487
2614
51
1353
2660
560
2374
1708
241
3449
100
3984
3770
1424
396
872
482
1848
3450
519
843
620
3099
302
127
2122
471
2227
2394
279
3137
3351
4124
1190
213
1071
32
92
2479
1040
2946
394
869
2892
2264
159
294
839
1042
1104
997
2432
1903
1164
660
325
1567
1006
703
1698
649
2853
134
760
2663
79
240
3596
1103
3245
1691
267
2202
1649
1370
1022
2115
1582
634
2225
3125
1443
2372
3269
65
1388
801
3311
3238
407
1506
620
248
524
410
3708
2988
2556
882
889
2221
863
304
2508
1942
2369
2972
1236
193
250
3290
529
1277
1454
2874
2230
259
3373
1481
3914
795
1722
3540
965
1796
2750
426
3803
3798
711
1332
953
3348
3190
2602
692
3191
911
3184
2786
2742
3360
491
281
2216
2252
458
558
1358
3080
952
1509
570
8
3471
265
2520
411
370
3153
948
2072
1777
227
122
1568
1155
3922
235
821
1767
1761
3264
2754
2869
3391
1994
3908
3637
26
1984
675
2406
3110
1183
581
2380
133
77
3956
2557
2804
3646
2272
3883
1640
2500
4041
3261
4121
3280
2808
2551
2692
1849
3589
3877
912
4091
78
3874
1689
346
2610
1797
2244
2106
3044
3342
554
72
4023
333
2594
2352
3282
374
890
1015
2337
3776
622
2550
125
1682
958
3526
608
606
489
3194
111
1763
2994
922
2848
2720
2996
2609
1523
456
3317
2504
1027
775
2456
3297
3468
360
2862
3025
541
916
2755
543
3574
139
4004
2592
786
658
3093
514
3381
3913
1135
2842
807
305
106
3129
4019
1810
661
611
2898
1512
2675
1217
2794
25
2192
1395
2083
1970
713
1475
954
2260
2827
148
2187
359
3389
438
3680
331
3952
3069
157
2704
1089
3380
470
3
1896
57
2489
35
274
1683
765
2340
2825
3046
1636
7
509
454
3884
3196
3967
482
2223
3644
1998
3857
735
3810
440
3103
940
800
561
355
1864
3359
3921
508
846
3521
2590
96
2940
2426
571
419
3516
2502
2391
505
1952
2276
2665
151
1356
1368
1787
158
665
3229
299
1880
1808
1910
23
3135
448
3654
1863
535
2277
318
1041
829
93
2833
752
315
3310
1059
84
1932
14
104
3517
2042
2615
503
558
776
726
82
2591
2937
2173
957
496
2585
3522
2612
55
844
217
906
3936
638
2672
160
2687
119
69
557
3262
3957
1731
380
3782
2747
2318
481
3612
2760
1403
129
2161
3377
3414
3323
2637
3283
1
179
3002
1211
1485
349
1620
1321
3824
506
633
792
2343
376
3764
833
3438
2982
3418
81
4043
3122
400
2847
2199
1500
1055
1229
295
2633
2032
1738
107
1039
1939
3582
2499
803
3738
779
143
989
1078
1685
3519
412
2515
629
4010
1253
1012
1927
3219
3050
663
2298
3089
2681
3160
2193
1185
459
1866
1058
597
2780
305
2893
2978
2789
855
302
269
860
1295
2282
1747
3502
2532
1860
3509
286
2417
3759
1480
851
1418
1495
1907
3902
2774
1678
427
3217
3524
2678
663
1997
1917
3732
1333
244
2018
518
2831
142
1762
2327
2652
1320
2059
1174
2606
3744
215
321
181
870
1968
3469
748
385
3556
1570
3606
1613
272
1228
3512
343
3712
498
1018
820
777
3572
1379
2443
546
2398
3722
2019
1369
1341
146
927
3812
505
2375
306
833
1633
2045
1003
2488
504
3278
788
2154
3510
2004
3787
209
3645
2257
1143
562
2311
3580
3537
1672
2071
3331
85
755
629
275
624
2271
4111
593
1607
938
536
1202
1652
270
523
3548
1543
1323
1566
1561
2150
1049
2639
1819
18
2210
484
465
891
474
3170
1383
2379
186
2188
683
151
132
2880
1060
79
1845
364
750
1688
3427
3288
900
752
2060
2357
3416
2516
1434
4002
1869
3778
494
1148
1514
1087
3214
881
469
685
3476
744
544
785
4093
847
2607
21
715
2471
1327
154
1922
497
542
3647
2297
1617
48
1062
2222
3535
2758
3602
902
3716
2078
54
2589
1510
978
169
3981
651
422
2873
47
2133
4011
522
162
283
393
616
1291
2584
593
1630
2519
2373
962
38
3379
2273
291
2882
977
3161
2962
2238
574
610
520
3855
1665
2070
3090
2208
431
3076
325
533
1137
3112
3613
2048
3584
3925
6
2493
1519
1043
2867
652
518
1004
32
1901
213
63
62
2810
2250
2153
486
2636
220
3127
167
125
123
790
594
741
3285
412
2041
2527
1921
658
730
1530
2463
2021
1092
804
332
1279
2959
628
41
854
1437
972
3691
1540
3253
2395
2741
1959
3594
2930
920
331
3388
3386
1645
2701
1557
1032
136
747
1550
2618
3679
793
3289
836
73
1265
16
999
2737
3743
3599
1268
2855
130
1487
3542
82
574
1029
3717
1441
862
2963
3172
3067
869
695
1220
2100
334
1905
1737
44
3814
3204
3850
490
2969
871
3027
751
2816
2632
720
3506
2598
3018
2578
86
800
1551
798
2772
3893
4109
3241
736
353
3566
2195
3865
2181
411
39
3804
114
2005
1363
612
2787
549
3302
1895
1527
1488
762
707
75
651
1755
202
2547
3860
114
1187
361
170
1082
1750
1447
196
2690
1572
2736
4065
3666
786
464
57
988
3816
2033
588
1724
381
1501
234
1817
3690
371
3490
3994
2232
530
3586
1199
3375
662
861
3531
1430
244
3100
3651
328
745
515
2062
1275
3408
3737
3345
3131
295
3198
553
3066
265
3083
2049
248
1707
2127
2878
3158
2925
2872
72
867
3963
3024
3223
1210
1168
2495
12
1732
481
2778
697
3609
1149
648
3481
726
3636
848
2524
3578
3739
1759
745
639
218
1958
1393
2415
2769
3669
370
1832
787
81
173
3460
317
3366
3382
1709
3146
409
4086
24
1876
263
433
94
9
602
293
435
867
2626
4054
2
740
552
3279
647
67
2859
4060
858
3763
1803
359
59
2324
761
1242
510
1269
521
2312
2684
355
270
492
943
3367
3751
2505
1244
3398
502
691
1173
126
3263
2875
555
2608
1193
3838
1110
840
3733
1299
1604
3541
185
2113
3897
520
771
256
99
488
3013
461
2025
2581
744
2688
2245
271
1047
11
1549
2385
2330
3878
899
415
4050
570
33
2705
2261
3553
2074
3968
519
955
3273
1287
3057
2717
1622
1831
2707
2886
3108
877
700
771
357
450
40
886
516
175
1740
120
791
623
2487
2325
3063
993
433
243
3082
310
2749
3300
1792
3155
2458
3543
597
554
3817
1389
862
3870
2793
2441
3180
1711
17
2362
392
3114
1813
1802
2575
628
2185
2668
3862
3657
4057
1184
272
579
347
2526
1311
994
1198
2866
480
238
1416
1985
6
3906
2579
602
609
66
2376
1719
283
4058
3912
1563
303
692
885
4044
2552
3088
1234
3674
304
1034
594
1846
1259
2214
1865
2180
3340
289
633
950
2124
856
1765
1564
146
3043
3361
1317
2498
3536
942
1618
1417
1283
2706
3947
3661
2964
1918
3330
468
1704
47
4104
2366
863
3788
1913
2286
3715
2043
408
2716
382
521
2451
266
2657
444
211
837
632
3971
815
1160
1741
698
1397
117
332
1556
2114
1600
689
2971
3472
3567
2051
3544
3017
936
3903
2555
137
1735
1343
3304
1126
522
553
3699
1167
1302
3888
214
2278
405
1216
722
289
348
3205
3930
793
424
329
2564
3274
2680
3029
512
3470
393
770
746
56
2730
2351
674
3924
2913
1914
161
127
646
2836
208
2843
1511
3163
2423
4079
2302
1025
2081
260
3672
408
816
3686
979
1391
486
1473
3621
1112
1007
2781
3688
595
592
4108
822
1814
825
3383
637
1575
212
2364
556
87
3871
102
3993
559
1690
1628
446
2858
3400
2142
1134
615
799
3200
229
3265
2542
743
2467
128
2928
140
1681
603
211
448
418
260
3499
873
488
2190
382
329
334
3332
3173
2314
451
921
1940
2768
3176
1663
1615
1407
2830
2434
964
45
710
367
271
3040
93
2506
1088
3600
1558
1114
1648
526
4006
1643
3508
2815
266
323
587
4088
128
4038
3724
87
4113
2572
3998
2538
910
4115
187
347
1906
1072
231
1804
430
2419
1855
1132
285
384
341
378
3879
3203
170
2079
61
2149
843
2958
2601
637
1483
797
262
2095
3095
914
3979
2910
534
2103
2349
3430
1136
1674
2168
1213
1009
4071
776
1893
695
2995
369
794
1875
40
635
3749
657
2404
3840
825
3177
1098
1400
166
138
389
723
3530
116
1476
1546
1276
2634
3281
791
1099
2036
197
3329
278
2134
672
365
686
1758
3441
2476
568
2671
3560
253
2336
258
2593
4037
234
733
3562
797
2580
3504
698
1565
832
757
491
529
1366
2822
400
926
3595
789
3094
29
664
1531
1365
3325
2332
3734
3546
437
1086
2236
1650
515
452
2659
292
2308
1293
3861
2565
300
4033
2403
2624
1326
1374
768
4075
3234
264
1701
474
835
2627
2881
3846
842
4095
3676
2987
967
1517
485
703
3461
1657
3892
37
568
38
3958
263
3443
3140
397
31
739
624
2003
3220
3513
3511
1107
2577
1192
3444
1532
1079
348
478
4028
287
1115
3011
2089
3071
439
530
1223
126
4078
133
849
1586
2305
1325
1188
2363
3900
4120
781
3844
1127
4067
3092
301
2141
1729
2887
1715
1051
1889
2864
13
3030
3694
3648
3232
108
15
3097
827
2773
2234
915
808
2801
2889
647
785
1411
3629
2328
3421
326
3085
1824
3986
3492
2138
2979
508
688
2850
738
3111
586
3843
236
3725
277
109
3775
1794
3121
3298
1347
1219
202
2093
586
3242
3230
1542
3937
2588
313
4100
2028
4107
601
1375
336
437
91
1492
3696
1251
2123
1599
358
3579
2436
1923
74
501
722
3378
108
3863
10
1769
1608
1629
3995
322
3365
2317
398
2258
100
1444
1484
2046
3464
1823
3996
372
1697
3808
4073
1178
311
3243
1221
2316
1902
480
1638
3056
2172
1811
56
3165
2796
4051
3035
1898
506
3653
3656
420
74
3215
36
2377
197
1778
654
64
4031
2206
467
830
1466
677
2676
3989
3581
341
1909
591
3062
754
739
3789
1057
2713
33
1298
2694
445
4005
3139
2309
3714
2548
2162
615
1610
2792
3291
457
1992
507
773
155
2014
2561
2942
3415
2829
1303
1175
1314
1753
852
763
1163
1584
203
3501
254
1446
344
2354
499
1714
1853
2870
1180
385
2667
2427
849
2992
2359
2818
1162
1835
941
577
584
109
3741
3344
813
2714
425
2438
679
2174
981
625
636
352
3746
1084
525
123
2765
4008
1372
2378
3178
267
3801
4066
3341
2823
653
2948
1589
3575
802
3462
2976
1105
676
696
747
1858
1809
116
338
2953
3710
2767
2148
865
2638
3321
2068
462
3189
1585
909
3031
831
2439
1924
982
115
768
2204
534
2295
156
1238
996
1021
1023
292
935
423
3005
2447
851
192
3660
535
2726
3101
2013
1654
43
773
2871
186
3652
592
3873
2445
3072
598
607
1261
461
685
2529
2473
719
3610
2751
544
242
2175
2863
53
274
1667
610
1028
1094
832
2082
630
381
859
1348
814
2353
1872
3926
621
581
3159
1449
4021
855
3454
2396
1310
2158
176
2885
103
4123
3641
442
1644
401
2861
3852
460
3625
4096
473
1415
285
4014
3619
756
649
1774
598
1890
2101
3448
3023
3271
1468
737
193
379
3206
3075
3494
738
1945
1005
2540
1282
3327
317
1357
1479
214
858
3142
779
278
3355
1969
2641
1822
4018
2807
2903
2293
251
1734
2052
4007
3132
339
550
1559
1130
1386
2537
335
314
97
10
24
3413
36
67
3477
1035
2010
3608
2285
368
1637
30
1837
655
432
803
1773
3876
1385
2544
1471
857
1410
3065
1829
1931
1258
3466
3148
2228
2182
3182
782
339
2718
201
661
2562
3706
3467
8
358
3765
153
673
2268
3387
2975
297
3845
447
2411
3299
1963
2118
229
1281
1231
577
76
2583
204
551
3020
3527
1222
147
395
2248
220
320
307
199
288
1536
3202
1331
788
2249
1457
531
286
2724
670
3904
2733
717
2209
1904
1169
715
239
308
453
569
3147
3068
246
3677
838
148
2226
3899
2834
539
2877
1554
99
62
845
669
2219
650
1752
987
834
631
687
499
2129
1574
2513
1123
1516
378
1504
1459
660
1117
41
2989
351
3573
3143
421
970
1526
1450
3638
3867
483
1108
269
3149
3123
3772
4032
198
937
527
3555
2567
3240
1888
2287
3022
373
124
718
4102
1232
3032
3109
199
1799
2408
25
207
2549
189
3799
582
2040
675
1340
1226
3869
3316
4020
49
3894
604
605
1000
845
2435
1664
3866
1553
3911
2047
960
945
28
3179
1304
3847
1292
3604
249
71
1616
3256
1964
1101
1420
2184
3209
1002
634
1957
2879
3538
251
1102
190
1453
1250
986
3
3864
2076
2307
3192
2397
764
1497
4070
2085
3248
2936
2475
184
225
2703
704
198
321
3128
3735
2509
572
1377
3692
1464
273
556
1938
2069
2459
2280
3453
687
149
1289
2915
774
1928
3597
1448
1165
30
1452
735
4000
805
2449
2360
4110
2655
2628
671
2932
2156
2791
1779
2512
3138
1008
656
2766
923
679
2722
3756
2817
268
1182
105
809
537
1827
1066
1555
3983
1926
3250
1919
1660
2961
2501
3369
3255
3488
1662
865
3702
3081
2806
1780
1978
1100
538
3439
218
3905
1334
2006
223
3549
3486
458
2484
1300
361
35
1461
500
1456
1118
319
4055
3102
3826
684
160
680
2851
2854
550
780
1329
2102
246
181
1583
1478
2986
3623
1307
2909
3919
712
641
2630
149
3896
966
1736
690
3385
2856
1911
653
682
1031
727
1706
441
1257
1598
2207
1428
829
2263
2604
1614
2491
2901
3107
3703
1915
3593
2361
424
961
929
311
547
90
11
1197
642
1496
1083
1225
134
1227
883
742
4083
983
2455
4029
1806
2957
3514
1651
3507
2811
2381
1346
240
1716
3974
3047
2907
3033
3397
354
3207
1158
403
3915
2732
956
277
1954
1976
494
1423
1818
3784
540
2666
2266
2521
925
3479
2344
2405
111
4085
3707
253
1406
326
700
4035
2470
2073
3833
3458
887
3394
4045
2916
707
1402
113
944
1150
254
654
2702
3822
2860
623
706
2050
1816
770
3171
306
3334
1571
1840
1839
817
2300
1798
310
2331
1139
1445
811
596
2453
1206
1518
3249
1533
2338
2723
2205
1881
2725
1702
3402
1131
557
2477
183
2503
555
1186
3811
476
449
850
3420
2179
3073
1046
63
1592
2253
294
3795
497
1338
2689
95
2039
827
819
3882
3665
2392
2899
1562
443
1351
963
3403
1609
1074
268
3309
3167
1874
3039
1239
528
3547
3777
3790
3805
1203
2699
1578
850
1795
1800
0
3168
1807
1498
1224
1744
1897
545
463
2486
1821
201
2728
516
3755
1438
3598
68
2000
230
