500
repeating
45
77
405
30
94
167
340
130
106
348
173
313
49
393
63
285
286
84
11
2
307
107
48
11
58
25
255
41
197
33
24
161
196
32
119
69
3
22
131
216
280
81
151
229
171
159
120
99
341
276
16
148
81
332
228
260
365
146
199
174
187
177
42
304
214
338
47
10
38
383
143
49
36
400
233
357
354
9
291
50
140
54
28
231
4
59
367
132
14
241
112
35
87
17
343
142
371
249
296
399
275
189
232
378
272
355
256
251
350
35
373
384
382
52
219
274
109
98
23
44
26
395
3
67
351
65
27
185
363
9
6
27
101
306
330
302
72
190
79
8
206
203
46
29
253
138
271
381
218
175
60
114
20
19
8
325
61
240
115
133
262
13
370
18
147
118
137
155
376
297
47
13
126
369
179
29
135
322
268
46
244
68
380
334
86
100
72
76
160
188
264
263
287
366
344
21
73
12
318
375
270
82
387
247
394
51
411
252
31
320
225
360
41
92
134
89
127
257
144
226
18
316
281
45
17
278
56
56
293
117
24
317
124
5
82
55
290
336
19
79
315
58
128
230
301
42
15
168
346
32
204
305
40
403
331
339
410
207
191
75
87
314
21
261
273
169
71
200
14
392
356
265
62
96
50
67
239
93
5
220
283
39
34
163
227
349
95
139
362
176
20
269
215
194
30
377
390
80
25
245
353
364
201
77
333
40
166
329
73
303
181
88
15
308
62
85
259
324
104
347
97
60
162
26
43
295
129
59
63
157
319
250
368
236
238
28
70
223
213
310
33
298
153
125
84
78
7
83
150
407
406
198
358
90
279
372
6
70
55
102
43
211
36
182
186
12
321
234
156
396
282
39
242
10
1
0
402
165
205
237
389
266
44
37
243
217
404
235
222
141
388
76
294
361
385
61
221
149
345
209
136
193
224
74
108
359
311
23
66
105
48
110
37
78
38
374
164
158
401
323
91
64
379
103
202
267
4
31
75
111
397
386
391
7
292
74
408
337
248
342
0
22
68
210
398
85
409
352
51
86
170
152
80
309
69
289
83
57
53
172
300
208
57
328
66
246
288
254
258
284
53
64
122
326
277
65
327
184
183
195
180
299
2
71
192
16
113
312
335
116
178
145
34
212
52
121
54
1
154
123
