2000
repeating
116
328
1162
117
47
1252
594
580
185
528
327
488
1561
297
36
393
68
213
617
840
316
661
1619
269
129
1072
994
1602
1434
615
1215
792
63
564
12
725
1076
1277
755
205
95
246
1580
202
34
738
2
378
442
681
460
1087
1000
107
657
125
736
137
149
201
828
1642
711
332
771
8
273
510
42
906
126
240
726
1115
1486
933
422
791
44
321
1170
816
94
1539
898
167
329
930
143
881
300
148
113
1557
424
336
154
75
761
44
163
1488
1197
730
723
1268
474
820
511
222
108
413
803
54
64
373
1262
203
1231
985
1244
639
78
541
1248
175
1041
1349
1594
1510
1124
856
1273
55
492
332
567
19
650
331
183
63
114
1156
91
472
1008
1512
1451
799
1469
1515
1402
1454
728
73
237
1581
1592
1
164
1404
12
18
502
1249
268
846
1130
126
1575
291
648
294
546
891
420
1563
388
256
261
95
1326
1459
272
295
200
558
496
974
918
633
702
1043
343
1487
286
37
1288
504
6
1485
34
585
1478
76
1586
1409
503
967
1258
1555
1292
555
897
531
596
900
700
1033
886
1077
1533
270
1508
1017
735
553
371
526
821
18
110
123
1319
1040
281
895
506
218
1007
86
990
174
375
758
1483
942
1610
946
1413
720
236
1386
369
157
225
1004
316
832
23
1012
61
234
158
1523
130
1453
1259
1611
214
634
253
1260
352
191
904
1304
516
1114
1207
539
191
783
1245
245
841
16
1396
584
273
1506
289
825
491
336
1106
218
278
206
320
1439
25
167
787
1295
517
599
172
35
978
1574
998
328
827
1338
119
1599
698
40
277
315
714
1126
182
644
1135
322
249
1018
860
652
408
110
440
1243
238
1088
762
512
87
521
248
395
58
111
670
1423
1420
433
340
102
1137
41
656
1462
766
363
1222
1084
1551
611
849
769
1073
49
124
295
1355
208
1158
356
5
1624
1534
684
1582
425
1235
1400
590
540
1452
1526
333
1112
1447
1020
304
1576
1121
513
921
571
339
916
1638
1272
1022
1300
409
370
1588
67
1284
1450
1117
366
100
71
52
306
112
752
1331
90
2
1558
1328
1049
49
1094
215
92
509
991
290
626
165
957
1132
1081
222
1463
324
800
979
577
805
1287
252
376
1401
772
1058
696
262
1514
130
1223
579
416
339
1540
210
1024
221
79
360
1531
1564
774
1537
710
1127
262
1208
1242
242
1455
358
168
1104
1179
344
1494
1630
1382
1565
1495
250
20
1520
216
909
330
259
732
1548
490
82
1553
1567
716
317
868
338
1380
260
1254
880
1538
1264
863
329
74
613
1637
116
970
321
1479
760
1157
90
3
1570
1542
212
754
251
291
894
591
1159
38
251
742
160
205
523
915
241
685
57
1184
671
1428
1269
561
651
669
663
1590
1053
334
857
778
275
264
245
1417
282
525
767
1140
750
548
1364
1464
1527
38
1336
139
136
1229
265
317
919
1160
138
1605
1593
1597
532
1029
478
495
256
431
552
208
307
186
476
1147
192
464
1071
931
27
620
403
1603
177
132
340
15
1221
215
1181
1374
655
537
402
1039
231
1584
51
261
780
1082
1182
1316
411
1175
773
113
40
1290
926
348
1101
1111
143
643
267
29
982
410
864
275
873
1191
1070
152
1411
727
1617
751
73
1085
618
1379
1038
257
703
1169
972
313
538
925
310
105
21
756
1266
829
153
623
60
672
309
524
1069
1315
253
99
319
109
676
1544
839
806
1323
39
1172
468
837
330
850
1213
1643
1153
288
1192
914
35
1474
997
1251
1019
795
346
1569
1365
986
298
1108
529
1005
1306
1103
1149
1195
103
519
220
319
177
595
80
255
695
206
802
389
232
1155
776
1218
745
115
244
1050
1535
888
903
1055
1241
257
927
301
1125
228
173
1047
1394
451
765
905
428
26
1308
181
438
1641
1122
1419
83
176
349
1109
1367
1517
303
179
287
1560
616
830
1206
1393
1089
1406
463
1356
1600
797
798
5
178
112
1522
418
1129
1305
1604
936
299
1358
210
1225
1627
582
977
1425
858
854
1096
318
348
1185
133
284
706
1239
368
602
1532
300
560
1481
995
593
1036
144
1424
85
184
527
226
58
359
147
1609
1067
1093
804
1281
877
1312
114
1623
131
1378
1415
196
943
1139
874
69
1329
43
1285
1176
453
461
398
254
1572
277
25
165
1154
1412
221
324
1422
607
160
1502
654
1188
4
161
230
1645
445
151
304
861
250
1505
263
1066
667
313
455
105
826
280
959
337
1528
1001
1521
186
1370
566
1437
454
1173
687
954
444
658
968
817
120
1263
383
1362
1180
201
924
33
132
547
36
1640
62
662
1227
545
1470
1303
28
199
220
1299
520
118
104
404
326
1151
568
148
229
748
1635
207
180
563
1460
355
266
642
624
1314
1342
1398
384
1063
853
785
1612
293
305
1044
1530
1283
303
1529
605
1310
140
1475
1435
449
1090
307
331
432
848
302
500
14
133
193
1327
637
1388
279
619
822
26
346
166
217
961
1214
367
1095
1589
1233
469
1361
1193
629
482
1307
1261
1616
306
1449
514
379
243
1376
1407
423
190
1318
1585
575
244
782
93
533
271
836
260
263
550
53
77
928
202
323
902
1335
343
718
458
592
746
104
812
945
361
46
155
1519
152
1224
293
833
1408
1442
885
1546
159
1037
940
209
415
345
217
838
1596
382
1632
351
1628
966
1360
334
1372
196
1397
156
1427
777
1634
254
1228
1301
865
401
195
91
996
141
983
721
22
1405
1492
1348
211
1051
292
288
597
1636
749
1119
1116
66
1138
103
224
175
228
65
190
446
912
1209
1217
156
1279
1317
1547
952
1385
1048
470
809
1065
76
1352
1438
121
308
155
1608
939
146
1002
227
1203
699
354
94
796
467
311
1607
406
1373
231
731
757
239
372
1056
1091
41
81
1302
1344
1078
232
37
1198
347
258
312
819
614
1375
135
740
327
896
600
45
182
551
274
247
557
179
1429
163
913
1064
98
188
443
1219
870
479
249
297
1204
452
234
430
197
1168
1298
264
1009
139
1079
353
127
1216
3
628
136
790
312
845
4
788
53
89
1441
1086
89
1416
61
150
1057
466
71
66
958
638
1016
107
161
522
397
87
475
345
414
937
465
559
189
852
77
45
1516
739
170
279
341
1164
394
269
169
219
823
1648
1297
876
1042
174
786
980
872
1068
364
741
678
1432
955
51
784
1134
1493
810
385
1199
429
598
1418
1369
286
494
216
99
93
24
341
1167
901
347
1395
417
1011
204
953
1145
164
129
74
134
965
1507
92
32
473
1274
407
239
1177
224
80
680
1321
1583
920
1500
1236
609
586
325
282
33
247
753
1278
342
344
137
1392
709
127
544
1105
1046
1595
645
647
0
7
911
632
734
518
481
1220
342
610
193
236
140
421
884
119
238
1509
573
630
86
975
1436
1410
296
226
1291
1354
818
187
176
691
484
214
1421
362
1571
265
1275
692
576
554
1322
708
1189
892
1633
1353
923
729
1286
267
910
834
969
145
964
1579
283
569
22
471
235
1403
1028
807
72
31
1255
744
459
285
197
625
1150
405
56
1136
534
908
515
19
1458
305
688
350
987
483
1324
775
887
168
1473
1556
0
30
106
1350
271
1142
477
296
39
154
337
501
694
499
10
1120
1377
1296
108
227
1468
1414
1027
1387
272
64
1621
124
75
770
697
587
1366
310
68
712
97
134
48
1466
1034
128
498
507
81
951
1644
1448
1330
1343
1552
1503
890
1440
536
1200
59
1499
439
1577
436
173
280
437
242
65
1010
641
28
381
646
1511
1202
1445
1289
13
793
78
640
419
859
1391
1625
48
278
485
1606
199
1267
1
664
109
690
1559
85
659
715
198
1649
949
935
932
412
447
606
489
1498
603
457
612
893
1246
32
17
6
668
285
1256
142
21
1646
679
82
29
917
194
290
195
747
252
971
1501
1152
843
147
1052
318
169
298
713
724
693
1363
1482
60
801
121
941
258
283
138
181
1166
543
1513
1238
677
1368
62
581
1357
146
259
1165
1431
335
508
1591
878
13
333
1622
15
682
301
763
1309
683
392
794
212
707
1226
435
320
1201
1113
1545
69
1230
1294
1480
1566
722
158
1339
1497
266
1054
1550
1536
100
1471
1346
189
335
1371
588
101
847
98
1614
1430
24
11
11
1293
1107
349
144
1549
844
636
162
194
1146
302
1518
1196
59
764
737
1541
989
1504
899
185
223
1178
1340
1313
183
30
1647
122
150
1118
689
1446
1003
50
225
276
1174
1148
882
27
704
9
230
1639
1234
621
1083
666
1461
255
1061
815
1021
1631
1573
323
649
14
743
1282
487
223
1465
1587
922
627
867
1123
717
427
1133
240
768
1075
907
1443
54
213
84
270
157
203
542
992
486
396
209
981
674
200
1030
535
1472
1384
789
23
1131
956
9
1476
88
111
281
162
497
948
229
380
1240
871
1015
1491
583
608
701
1345
211
1467
1426
1598
246
1543
128
855
686
268
562
1237
673
315
993
178
1383
1232
811
565
759
441
1257
1250
875
1390
55
120
47
1334
1444
1456
1280
243
192
1014
1618
960
151
1347
131
1212
578
653
180
1389
1489
426
1060
88
1006
1554
1341
1629
204
1490
824
675
171
1144
308
574
292
1080
52
322
1074
570
170
984
233
665
1110
962
102
1620
1102
188
601
719
118
145
233
149
1062
1128
866
1578
1525
153
1023
284
1186
1615
1601
294
1381
31
1626
1035
434
1562
1143
287
399
70
1194
1025
1247
274
1320
963
1484
869
1276
97
184
1337
705
1496
357
1092
450
879
556
42
1098
46
400
117
493
198
374
386
311
929
79
1190
72
1332
387
973
1187
622
1099
944
631
988
1211
325
172
1325
338
1097
7
1311
235
391
1205
1210
808
207
1351
831
1399
171
84
377
1031
20
17
125
1457
934
883
733
314
101
1059
889
660
1271
1613
390
1161
635
289
141
462
976
219
248
83
1333
842
56
1045
326
1163
135
604
123
309
96
276
938
122
115
299
950
1568
1141
999
1183
16
1477
67
1270
50
448
814
8
1026
187
813
365
1253
781
572
549
851
779
835
1265
589
241
1032
1171
142
1013
43
159
166
96
314
1433
70
1359
1100
237
106
456
10
1524
505
530
57
480
947
862
