10000
repeating
1057
6902
3930
691
6841
591
7995
1540
7803
8125
1558
475
1581
858
1229
7374
5239
3705
4669
2301
24
813
5118
3535
4495
6888
490
621
6555
6559
1786
679
3441
4821
4416
5125
5236
3515
8051
4285
6108
1695
2236
7431
5378
1663
6069
6884
2455
5404
1796
7906
2941
6684
3938
693
272
2148
2389
7771
6951
1396
5890
16
2601
6190
163
1757
1215
6584
3532
5866
1408
5547
8153
5840
164
6864
4371
886
911
4463
5338
7196
6817
3980
831
948
5039
4
229
5860
4400
4510
4935
525
3542
2431
6484
7387
3739
4937
1719
4334
4786
4490
1504
3720
3366
6087
2593
7320
5813
7510
5623
4912
2170
952
1193
3610
2635
673
1026
531
266
3387
350
1771
6017
3608
7891
339
11
608
5838
255
1036
4584
274
688
523
475
2846
5869
6675
1102
5807
1504
6852
1549
1556
882
2220
3083
1301
7787
6594
6285
7335
5717
6261
6122
5884
5735
6694
5937
6736
374
7751
3444
7168
2529
1923
4003
5528
4101
3895
4025
2384
7815
2704
956
47
6096
4535
7593
4925
7998
1249
695
6905
159
3415
7085
2124
7317
911
703
5184
6215
1488
75
1258
4385
3759
3921
1712
109
1638
6145
199
5715
1083
4451
7898
1681
2247
5291
5272
1869
5804
454
3850
419
657
4309
1651
4162
4090
3843
430
2628
5676
3320
5825
1968
7893
3118
4990
801
3067
1242
1254
564
378
7063
4075
1559
5831
7205
1333
1990
101
3392
2742
926
815
2122
3563
5074
6424
369
8075
3792
3769
4330
5714
3533
272
152
4563
5009
920
358
4961
808
7674
2296
1548
5054
323
384
692
4041
6843
3379
5844
444
4966
1281
7423
3913
270
4850
5085
3886
7284
6835
3975
4446
5757
3979
2787
4898
6495
8121
4825
330
1171
425
5127
4105
8216
1170
1387
739
3075
484
6191
7876
283
6882
3637
882
4263
415
762
6752
7254
934
502
4947
2896
3839
37
2163
4916
4318
1978
5263
2730
1444
1322
1053
1824
779
3709
4691
6008
7005
1354
4377
4642
572
7233
3929
2420
5316
38
1464
8027
849
565
6110
2213
1057
1607
2443
4672
3889
4965
5951
5675
746
2098
3457
1098
5490
3458
2969
6529
1639
903
252
3301
6822
2949
1198
8133
4262
2885
984
420
7711
375
1232
1268
4143
4435
3568
2978
6241
3867
457
6272
8226
7151
460
536
2364
418
2013
533
183
3686
213
7724
3890
2538
1870
386
810
8136
5738
7730
1717
6127
538
925
2824
6957
1205
1291
2324
862
2126
7276
434
7758
3099
731
3675
8080
3335
89
7173
1601
7790
825
6444
6619
4464
2456
1031
2250
6811
6126
2382
1788
7439
6961
165
6921
4231
2260
13
7918
2176
421
2402
4542
2399
3331
4607
3690
1037
7031
3146
6016
8183
296
6939
1608
7766
7104
6958
2457
2556
1409
1151
363
2449
7539
588
7076
4933
1677
3912
6038
2514
1415
1823
1096
1755
6934
690
3482
2783
1517
8074
5600
1359
7796
4260
7301
79
4593
7501
502
4890
4228
1562
7359
5169
8221
6206
7833
823
2031
3362
5229
1424
649
5827
4811
3745
5908
678
7702
1111
1190
5997
4885
245
6247
3419
7742
2106
6646
182
5295
4991
1116
7473
2960
1368
7567
1685
7602
4800
1592
1285
6268
2466
4690
1572
2997
575
1080
2178
4140
3383
4259
7990
6828
1937
958
3074
5590
759
7145
7185
4789
1769
781
329
1385
576
6855
3782
7135
4759
6634
4918
3013
6455
5503
7089
4873
2558
2077
5576
640
6875
3534
7462
6831
1586
7001
531
991
646
959
2618
1004
885
5371
843
611
1210
2921
720
1490
897
4865
6546
1490
4421
2745
212
8158
3602
1169
1472
1266
3122
791
1436
5907
312
4002
6994
4970
1826
741
6617
1141
6740
1889
2226
5873
1507
7022
1454
458
1477
1268
859
4082
7141
3471
105
1821
4199
4564
303
6767
4308
754
1809
4863
1274
448
2422
7045
4179
6112
1571
4547
5664
184
6061
4524
5204
298
2030
1709
8190
3348
263
1637
466
7521
6513
7686
7705
799
3694
4145
257
940
1371
1340
698
6036
7283
394
7905
6727
4181
1245
4257
6316
7002
6409
1575
1743
168
8148
3829
5578
1665
6991
6591
7885
1585
4483
3537
6842
7035
4771
6141
8062
2996
142
4107
4049
2766
1171
768
1128
3571
1675
6213
5015
4086
1287
3077
2075
5696
1101
3462
262
6225
2981
5784
953
6167
6616
3954
2451
2617
60
3275
7831
1364
6569
6420
150
222
4683
3581
3306
9
5531
1811
6876
7436
7957
887
6578
1279
5918
5434
941
4214
249
2765
963
867
59
699
7785
3655
5661
2164
2736
457
1580
3820
3773
7809
1391
5228
863
2090
3591
3333
3066
544
645
5087
6847
1702
3547
4461
5107
4568
1572
3249
6889
1638
5988
605
8241
6666
7678
5527
825
1520
962
6874
6834
4992
4175
8147
221
1976
5361
5079
7943
4678
2679
2753
6124
1476
481
5841
7611
985
476
7027
1152
5570
7102
6111
2541
7793
3835
7719
1191
112
3289
4653
4657
678
4710
8127
5822
5597
5314
3470
7460
4211
1362
1349
231
6515
4422
46
5472
1202
919
7034
355
3459
7015
2136
4106
5749
4386
216
980
3016
1684
7656
7245
5775
7863
6494
7476
3784
2539
6879
534
6217
1936
2779
5257
6287
4880
5629
6260
1093
58
5902
7767
3744
6172
1765
2146
3474
359
1750
7858
96
1496
6769
3368
410
2922
4720
2847
7126
1239
3305
2566
564
3827
3355
5662
1001
6274
464
939
5419
2019
5070
1606
4477
7804
3005
4153
7914
1971
5076
1178
2838
903
1834
6164
7938
6319
6383
4849
8138
1013
1552
363
5663
5389
2072
7761
5478
2133
7199
4762
6064
2849
638
6709
7779
1112
931
6355
306
3733
1317
2279
6092
4254
7174
6043
7972
1346
1698
6715
5019
1244
4537
2487
1021
3939
293
6583
2655
1378
5274
7187
4660
50
395
416
1879
6669
569
55
8156
1784
78
4824
1726
7713
4083
5066
763
8114
7801
1515
2242
2643
3510
7897
7478
5850
435
7572
6034
6149
1961
120
1354
4816
5508
6047
5374
3133
4368
5112
627
6079
2647
1463
3648
1893
4876
245
7489
1713
1009
3998
1062
2088
1025
1590
3596
4013
1404
7798
2887
5561
2471
394
150
4578
208
1908
377
493
6805
342
1184
3972
874
3732
7349
1138
4602
557
866
73
2862
6121
3342
6582
4536
6837
5024
7026
8100
5618
516
31
965
5927
1613
1310
2833
2720
705
2798
1111
4641
582
6595
8134
7894
1606
2844
6114
3760
5497
7580
1656
331
4023
4832
4159
3564
2523
1730
5566
1218
99
667
1063
5068
1997
220
1740
3622
2454
5940
6784
5903
1657
3117
2959
7853
3287
316
6252
4300
5
5136
865
597
1075
6264
1705
174
374
6358
4906
639
6523
1510
1587
7594
4395
6731
1374
584
2008
5375
4634
434
1204
115
8019
6627
3663
1206
5770
412
1272
2071
1583
3579
7626
1929
234
1194
2316
6199
1540
110
7820
4576
962
7191
5754
5084
324
7091
243
1892
1103
4444
5753
4545
1698
5633
5587
133
3429
8054
196
263
6346
8021
1682
5106
5504
3053
1921
7214
1770
7590
3679
5250
370
1522
3373
1271
737
3554
3100
4923
848
2407
7917
850
3435
4498
7845
6648
1935
4194
5785
4093
1338
1430
1201
431
6413
1144
6821
7360
4122
3667
3862
8175
3653
1427
5526
2264
6075
5808
5571
5991
729
45
7627
1149
1388
1319
4054
2756
4528
867
5103
1029
1183
136
2473
2489
3672
7675
4409
2079
6716
7234
1555
4009
4051
3408
3833
3552
6031
8071
1377
6795
123
5995
1420
4523
1147
8061
6055
1459
8036
1735
3991
6226
1357
1331
1304
1717
1741
933
1894
5342
7238
6298
1337
2925
3180
1215
6279
5313
6935
1071
6700
3153
893
8081
905
1341
145
5292
4424
4775
4034
4605
1681
2137
406
2612
6417
8234
8236
260
1086
236
739
4480
6312
3063
7410
5851
433
4790
2955
1767
1051
5117
6193
3524
1633
3677
4092
5704
1570
1636
399
3611
3955
1239
1693
4489
106
3178
796
592
7345
1042
4516
2216
292
4139
265
7274
300
1598
1185
5670
2552
2735
7165
3058
832
3424
2664
7854
777
137
153
4063
3724
12
4752
4267
7648
6702
2194
7941
6572
8035
1330
5996
4553
2535
1343
5051
53
974
7753
2391
5855
3747
3549
6699
203
3836
1673
1877
2820
1
1134
3505
3455
2665
1069
845
684
6726
957
936
3934
3356
1583
5862
5222
696
6615
2686
1265
2132
3000
4458
2497
1211
328
5061
378
6454
5269
998
2973
1418
422
1315
485
735
7413
748
5612
1310
5994
6678
467
514
1363
1031
8049
3559
1625
171
617
1213
560
3794
6696
1629
1120
3434
7231
5811
5348
4814
6467
719
1837
1155
6463
3577
640
2198
3513
1265
1753
733
7727
1278
7263
4556
1542
1458
841
1667
221
4853
5805
2741
4353
1782
1178
145
9
2928
5567
8052
4681
3807
1290
2806
1486
5281
4290
5899
552
3417
3620
1659
3164
871
7838
5496
7195
3523
226
8214
1413
160
5540
2549
7637
5541
1584
614
1407
900
1394
2147
1517
2323
7560
1948
5948
7144
2482
1264
4402
3281
4744
3040
6343
994
716
4626
446
5945
67
759
3673
2669
6257
3456
5924
821
1570
843
41
4429
933
6059
5312
7805
1105
4845
445
1080
3544
7763
7342
4983
1323
6571
3142
7619
5964
6365
3001
647
246
8089
1739
1529
4799
6778
714
199
3737
1713
1897
5758
1305
6869
5186
3418
7832
3271
5020
6918
247
3553
1303
2051
573
595
326
3933
5157
5502
5390
1960
3749
1587
4791
1854
1649
3944
3702
3935
5798
7472
2430
4425
2994
6605
7680
1494
6119
566
2387
4467
1573
865
5047
7958
4341
7912
7926
1102
8169
4748
4100
193
4581
619
5549
134
4508
4698
1227
4520
5682
6183
4174
207
7255
3644
7900
654
6863
6845
2335
8028
2638
188
3880
453
449
819
853
553
290
2898
106
5632
4505
4078
1427
737
6861
2715
592
7666
4366
57
923
5542
5756
3217
5196
5282
2690
7714
7265
6743
2967
268
3498
619
2474
4028
6630
6525
1557
2940
7882
3758
6118
1678
5505
4649
1338
1528
811
4766
1592
804
2352
2193
1023
3628
1155
5559
5458
3107
1726
1738
4601
6233
6224
195
6042
7513
7344
635
8040
4050
6697
5275
5065
7770
2697
113
1743
458
1934
5941
2274
3689
2907
1692
4532
330
266
6382
4445
3652
6956
7512
2004
1722
6945
5018
2627
515
2825
593
972
3048
5381
4539
2509
3292
2166
6932
4339
7164
5887
5199
4033
1648
1110
2
3590
3743
2666
3259
1147
2363
6011
3090
1088
761
3361
6927
3947
1611
1387
375
189
4692
488
499
8058
2282
505
5818
7542
8177
738
2447
4679
1047
7791
853
663
641
2432
389
1607
4073
5097
1730
1531
1032
4346
22
4406
173
1058
408
1434
4704
3007
886
901
1246
2000
8010
6541
4158
5179
2351
6968
131
3255
2479
4496
3467
8042
541
4743
5200
1845
1777
5216
5337
3484
3495
8065
4555
4336
4172
5202
7911
159
8047
669
3924
8203
1093
6913
4032
7923
720
2934
7021
5589
836
6911
7227
402
2367
438
6643
6482
474
1288
3389
7647
278
1313
2620
226
3020
609
6539
2023
8111
1624
586
1699
15
1225
506
450
8232
6109
5353
3269
2160
117
1470
333
5452
3917
7899
2097
7336
3091
524
4979
3046
4212
1950
1772
3593
1028
4213
5073
2423
2815
4252
7348
7003
2458
5225
2319
4503
7314
2440
912
6259
918
1092
7913
1947
5933
2032
1390
5450
656
3674
2988
261
1120
685
907
2315
3631
2168
7830
3625
4120
2965
477
5512
490
6421
1312
6255
3661
4619
1122
17
1700
3529
2403
2768
6088
7940
780
1927
5299
5562
3713
2621
944
3136
1339
497
1643
4882
834
4663
7481
2510
4436
7048
4204
140
3224
808
5967
8067
7623
7088
3156
1075
2022
1483
6621
5406
1164
7262
769
1378
6211
3640
4196
1408
3815
1078
2183
6281
5233
373
411
3393
979
452
2060
753
3598
1482
6586
2153
4502
3247
3460
5134
3017
7323
2843
5298
6101
4418
4881
2772
2520
8132
6998
1652
1176
225
5137
1591
7318
1624
1600
749
1489
4754
7969
770
1707
1814
4271
725
154
7571
3248
7440
4866
5385
4975
4440
1593
8029
1117
1418
238
2667
1199
1799
5213
6691
6682
4522
1565
4499
4583
1510
1373
2130
5376
7547
7143
712
362
2909
555
2330
1439
443
815
1226
5521
4276
6311
7883
5654
7452
5642
7718
4899
276
694
2154
153
596
1831
5089
3897
7403
4867
6163
3034
7120
6599
942
7109
1835
917
1308
1519
1974
743
3472
559
2998
1104
1939
964
613
6557
679
6825
7096
302
187
2490
2321
496
428
6954
1887
1071
5693
809
4280
1216
6094
135
3762
6963
5892
1617
6337
4323
6763
4337
811
5816
1840
3670
2442
644
206
3742
2983
0
1306
5524
7699
56
2209
2931
5910
4936
5733
5621
3849
7592
864
237
5155
4059
2993
1980
2246
6276
6791
4671
259
1565
2376
2595
4201
299
783
1138
2034
542
4304
6760
2804
90
5953
6189
2326
1263
1503
6363
743
3022
5710
1066
649
74
3210
841
6353
7822
7098
5283
2483
4459
3664
1727
44
5859
7302
5035
10
6877
7121
7316
4244
479
600
914
7376
4278
122
5240
8088
5096
4363
1912
3922
4765
7288
589
3300
782
517
1090
1282
3567
690
4931
2868
858
4030
1285
1924
5959
5036
702
1177
1432
3621
776
365
423
7219
1321
5040
332
1177
1723
162
4596
5129
1671
6749
1925
4777
4236
1253
392
1946
1417
7482
5418
4152
753
2859
7939
1360
1817
1502
227
2546
3609
5500
5739
286
55
2045
4557
2989
1677
5317
7706
2501
4554
1484
3509
4229
1734
5963
701
996
932
7703
1609
580
2746
2284
3109
1043
3642
285
1112
5413
8012
4533
6263
5000
4588
7944
3396
7078
4448
1327
3861
1001
1014
114
1167
1173
3125
832
4048
4182
4827
486
2006
2545
631
5445
2383
3826
2872
7008
3414
5328
3286
269
1284
7081
222
5958
3527
7401
544
3155
6009
2067
1546
4275
1999
2243
1329
5605
2531
6585
8034
4834
6860
2435
4403
6676
7558
2202
211
2858
590
121
1868
5391
3982
1495
4609
235
4393
7556
64
3310
1803
1625
664
888
1306
529
398
620
1061
5170
1596
1724
6625
1352
2526
1209
7029
6862
4675
1654
6207
185
4770
7669
625
7743
7960
5992
4953
6336
3088
2797
239
8185
5466
3008
92
6084
778
792
5007
5493
3838
4380
7025
559
5943
7321
5405
7158
3069
3766
6210
4688
1595
1561
6807
7202
3493
6564
7267
1048
4948
5806
7156
1437
2711
5793
5820
1058
3764
2517
1146
5634
5641
6964
6208
6304
7975
2310
3256
4294
303
2219
4012
4384
4195
2811
212
2239
547
4474
2345
2379
6418
124
348
7631
4230
4893
1250
242
7167
1188
2425
234
59
7047
508
6512
881
600
2957
2521
2701
469
970
1207
1844
981
3741
3708
5289
2177
5539
4116
6766
7133
6633
5792
7095
5644
4718
3520
4251
5557
6078
6292
3193
982
7129
4944
7445
1962
208
1535
8140
781
1360
4856
7464
5442
103
3926
1706
5285
2860
6488
1342
4321
3543
1477
7241
360
7269
3465
7477
6023
295
732
2572
317
746
7384
2626
3948
6367
2568
12
1140
3129
5081
3583
6786
4878
5730
3781
5533
1114
3695
3238
1230
3685
471
4717
3842
5852
487
3957
623
904
6117
355
8024
7849
7671
435
1828
664
3985
511
782
3294
6212
1217
5604
1804
637
949
1169
95
7082
1399
128
149
5364
6965
4332
1634
1170
1107
7286
6465
1466
3824
1867
6744
4060
3848
682
507
3477
6765
2366
1594
7694
4570
5836
1211
5210
7419
3216
3307
5726
800
2936
7293
4452
6762
1008
6686
1955
5666
7783
7610
3522
6496
3738
7398
7685
1747
6402
5625
515
1077
6499
7660
4836
6912
1442
2405
749
4151
2831
6262
3748
6661
5610
528
1260
7856
472
1486
2598
4742
1132
21
4567
2152
503
7549
7137
1048
4700
3203
2958
3647
8230
5980
3962
416
478
5022
4006
5538
5178
899
6738
3094
2984
711
2288
6216
5794
2712
4828
1291
2689
3265
5352
6258
295
305
5197
1798
4968
7987
7020
2196
724
1181
4892
202
1065
1394
1461
1257
7400
1270
4136
1981
624
7223
2492
2662
2104
3026
1513
258
799
1326
648
57
325
1300
1905
5083
6434
1956
2752
7862
8053
711
5181
7892
703
2472
1422
3422
571
4038
5145
6403
6323
4661
1221
6460
2463
4703
2728
2910
2834
4169
2919
3511
1179
4615
4081
2157
1789
126
356
4644
3221
3904
2481
7266
2899
1046
287
2799
4640
7634
441
379
6624
5718
3019
1105
7950
5071
62
7537
1163
2578
323
336
1521
23
2414
209
67
7965
107
7394
6373
148
328
2094
7810
1078
2266
546
2042
583
6931
7358
5001
5301
8011
3580
228
8141
6543
6380
4501
3626
2705
812
1975
4370
2346
6859
1849
6894
4560
7471
4910
1562
5171
7066
6475
1157
4239
14
5823
7865
2304
3806
7434
6033
5017
414
4676
1695
7427
5140
2398
2587
6020
480
1364
692
3341
4905
3339
506
2158
130
1000
532
887
7618
4373
5611
809
4787
2718
3752
3270
5259
1368
2190
945
5331
1551
998
1414
6519
5420
3798
676
436
5742
3293
1425
4871
1865
5778
8220
802
1049
1428
223
194
1683
2272
5586
3885
5252
2963
5130
7162
934
721
850
7837
7566
1269
2135
2412
5223
1002
3582
4217
2579
4840
2357
1641
986
1358
4587
4311
7474
3711
6437
7776
5487
735
5741
35
2619
5304
1586
6366
1352
3855
1054
8059
8016
5491
607
5609
1460
6026
7114
3369
4929
7887
270
6004
5003
1125
6907
5357
360
1690
765
6754
1020
5802
4722
319
6306
7984
381
6477
1069
7355
6537
6904
250
8113
105
1280
1836
5468
7750
847
792
398
6527
1452
5573
7357
8097
1898
4546
3050
2188
8150
2650
7993
5828
5826
4822
6923
3006
7024
6041
581
6376
2044
2173
4015
5881
6773
1909
7683
1649
1667
6711
7312
7935
288
1419
4706
2313
4001
948
6066
7527
7867
6671
1895
4131
3318
1172
3925
2470
7050
452
4077
974
7869
1838
1752
6973
3726
93
877
5261
523
4668
7147
2515
702
2560
5172
2584
5989
4625
201
4037
817
4437
281
1552
6222
6776
6639
1691
3349
1864
3323
3158
1731
6840
1288
3304
4779
1220
347
320
41
1006
3587
6071
5565
200
1538
7681
7347
1514
33
1289
2599
4846
3949
7459
6471
7672
4219
4751
849
0
6729
4428
516
3688
1622
2769
585
6025
1499
4485
7937
2375
6514
890
3909
3086
5486
1712
4441
7677
6170
2714
7848
2446
7019
113
5335
7936
1297
4134
1530
2702
842
2002
5300
4927
5525
4088
4969
4940
5397
468
1505
6803
2087
4326
5146
4884
5787
6083
6574
5359
806
7639
718
2429
1328
144
2863
3873
1915
5351
5537
710
674
5689
4590
2961
7080
229
3
819
4324
6832
624
1007
5563
98
2083
3772
3802
5245
1148
1115
5193
141
7520
2297
4374
7760
3497
1467
7811
5966
5555
2055
4776
342
6115
1631
3296
7974
4391
1227
875
846
5868
7136
1697
6046
248
1710
3817
5692
3858
7925
2043
7390
6790
4375
1243
7068
135
7414
7553
405
3844
4708
6296
7155
8191
1833
1309
611
6329
548
1475
1454
4847
53
6160
5425
5220
169
1092
549
1629
7983
3165
1259
3057
2935
8123
1481
6657
756
405
5424
4848
2235
1637
1421
6000
5631
1341
3908
1056
999
3033
5594
5999
5456
598
1647
697
5830
6622
197
522
969
2438
659
4056
447
4345
2796
6331
928
5387
2864
7630
4855
2813
6265
1896
937
3696
4198
5732
6500
6568
315
697
5189
5584
4734
8106
4076
3973
6053
7620
2645
963
5891
727
1704
4046
5678
3401
7601
1967
2807
603
5288
4237
3433
6942
5067
4061
1287
1167
2244
7695
3095
149
7492
2640
7405
4627
5057
562
2654
656
995
4971
6324
8112
860
3898
6435
1953
1670
1440
290
5904
1930
3081
4585
7182
1445
2091
3837
4412
191
1502
7496
3902
6203
2278
675
1367
5622
1349
186
2478
2781
814
4757
1299
1766
563
176
2014
7800
3036
1015
5771
2555
6242
3059
7920
2241
4486
5724
6474
4114
4121
1049
6491
3104
891
5144
1044
5209
1189
8179
8187
326
2537
4218
2651
7117
8239
686
7748
279
273
1531
3943
4208
6856
1780
4166
6179
7115
3230
1205
4838
6062
7433
4473
2699
4572
599
4507
718
3475
3788
4697
2507
3106
620
1222
7237
1907
942
5523
1571
7294
6077
3245
501
1691
2920
5032
11
1431
1314
1329
6563
645
1482
4579
5064
1236
6086
906
4284
7889
7495
7127
7726
589
2875
3988
848
521
7149
1899
344
7062
567
8201
3946
2171
1158
761
1535
4111
6498
5090
1644
6757
2337
134
5227
693
1773
2406
202
3150
8217
6349
1334
3219
6718
4021
3960
1694
1485
7568
352
2185
104
5606
6035
371
7421
3877
553
1234
2788
1137
6375
7030
643
5326
2688
4288
2322
6089
397
780
169
8090
6750
5909
1720
6456
826
7670
2809
7536
2954
7561
756
7716
5819
2871
580
3986
1389
4806
5721
2724
1027
4894
3774
890
2649
5970
7303
5779
7339
8003
527
1356
8073
6775
5952
590
1576
6517
6592
3212
8093
2484
734
614
5135
2102
1648
1270
1166
2286
3327
6728
5985
1256
5111
828
638
6370
1505
7210
1005
5900
6445
1144
1153
3562
1098
594
3272
3041
5613
728
69
7814
7256
6165
1126
6180
1003
317
1009
7604
504
929
892
2889
2754
4286
1850
642
45
5409
4904
947
1696
6982
1099
6453
6953
3235
4820
3170
429
4851
1214
3423
3919
460
2972
6598
1242
1007
2950
4837
4632
85
5667
3405
3357
1632
6
2532
5777
731
7446
4350
6548
1763
4758
3863
1847
2547
200
3687
414
1429
6960
428
6181
4887
7829
7271
2210
2161
2010
4392
2792
1076
5998
4652
6785
2915
349
5627
5922
1984
4419
2314
6152
3347
3999
6505
1645
2224
6143
3451
8122
7986
4191
1420
3266
5126
790
4178
7502
943
1183
5053
440
2424
1085
1931
8154
495
7915
46
576
3131
2356
1642
6915
166
391
2533
1729
5156
5163
1514
4439
1273
4017
3859
2932
1266
345
1012
3298
1344
6235
6328
6758
2877
4513
1189
5962
2583
6441
2225
1914
830
6631
1053
5343
4381
8119
271
659
2048
5162
6924
4843
1059
760
3884
1497
5325
616
3561
5238
3945
5110
1446
43
1143
913
409
5832
3701
372
17
3525
542
1374
6470
4875
7330
3488
2238
798
2624
800
6479
1074
5973
5411
6415
5564
1224
3811
1320
7700
1627
6301
7847
7966
3250
5761
4732
7486
1580
3546
795
3280
7201
3072
29
3168
4746
112
5697
4347
4287
7178
413
6647
797
3812
755
6481
6597
7041
25
5705
2150
3882
5307
916
5100
687
671
1055
5942
2897
5346
708
3204
1130
1066
7097
545
1563
626
923
7808
8223
2307
2121
4959
4902
1524
2462
5984
2285
206
354
5484
736
72
1344
3841
993
1815
1456
1738
660
5147
2439
3641
3847
8248
3651
4316
1142
1090
2559
2191
8188
2228
244
2879
192
6596
2206
147
7922
1744
177
636
1176
8077
7755
4248
3521
3775
1397
7490
2309
3049
790
4184
2597
5323
5939
4764
6229
6390
5166
8219
1195
642
130
3222
7361
6286
5060
6171
1230
823
7090
332
1336
7773
4127
6288
1384
1397
5215
3449
455
83
7036
3191
3228
723
1238
4616
835
175
1396
6800
1084
4666
2413
2923
860
7588
1096
1309
2033
2819
983
1495
444
3416
7179
3860
1375
7236
1576
133
6325
6871
4222
2542
3466
984
4540
4976
7016
1022
2444
1995
2355
970
5365
2192
3771
2668
5598
1392
6892
7220
443
2254
238
6959
4877
8094
445
7723
5895
6105
432
1610
5657
7782
7951
1118
7534
7011
1122
7633
6677
509
5302
3044
1843
8137
4209
6302
1217
5354
6192
4518
49
189
2591
5872
7555
4443
7289
453
3274
1191
3018
4598
1082
5929
3329
5078
8120
6070
1052
8103
3386
6446
6824
706
2138
1083
2504
6416
1232
8151
4277
2569
3883
5536
3215
4026
1331
256
1862
5470
2789
273
7722
6509
7788
5619
7780
1228
1483
1267
7177
4411
2453
857
6990
1734
876
4442
253
5088
94
3821
265
1293
5766
376
7895
7741
4617
3328
7007
1039
1400
2840
8159
519
100
1416
1030
5062
4410
5056
6783
5847
727
5510
1345
8142
1676
6294
4796
6846
1959
5955
7378
6788
2368
2503
954
146
5235
30
1715
2827
7964
5801
304
5438
224
6724
3740
5102
6449
3199
6392
1919
5246
305
3321
5763
3390
6714
3043
2172
1103
2553
4312
3097
7797
3098
7765
7225
6897
4830
3190
4491
1063
3161
427
4646
3503
528
1296
1131
568
6308
6542
3507
5462
6168
4610
1325
1557
4071
2290
5271
1473
3875
546
281
4715
1337
8213
7652
2511
2218
219
8057
2894
6159
3846
4729
8145
5315
2870
5795
8237
4293
8070
7131
2855
5978
5177
4826
1302
1802
1664
4240
36
683
2951
5002
7747
143
2512
178
6251
7084
3967
1500
3120
2530
81
3756
118
1601
7721
318
6157
5138
3865
1281
5602
84
2028
2491
125
6533
633
1764
8046
4044
713
471
1208
771
5620
7252
5680
1832
1141
6462
5782
7978
7725
294
4955
3447
4315
3187
807
6659
3126
3137
5560
349
7424
5821
6100
3071
6528
722
1725
313
129
3899
3750
4431
6138
392
1575
143
1621
6335
1356
1187
3712
2107
2751
682
248
2683
2592
5603
1498
7996
802
4404
1756
518
3916
3504
2882
7640
1405
8155
7366
1277
1199
4618
8020
1307
507
6802
672
3431
3840
5080
3009
364
7190
1457
1716
5615
1812
1357
6707
1129
3092
4080
3624
7657
152
1034
1033
4329
750
1134
5499
1377
5553
5856
6220
1643
3425
456
1330
81
3395
6104
377
1881
4132
6332
4369
7569
6704
2381
4628
4670
1336
8202
348
2334
5737
1932
420
3555
1775
1269
1989
6857
4052
1165
2995
6609
2128
2525
4861
8170
2607
2303
1133
6640
950
1258
1564
4684
5789
7028
3974
818
5175
1479
1447
85
1471
709
280
3654
880
3257
7106
7157
7991
1546
1401
4220
264
1537
612
921
2904
5265
2027
713
3372
1182
5349
5423
6809
6293
6385
4376
1653
8116
310
3174
1323
2360
3977
883
1065
2605
403
4650
1089
2049
86
2230
6748
1800
5206
919
7859
3262
613
3420
4253
5362
803
6653
3324
6914
7246
623
2393
1070
3186
3167
6745
4124
2956
764
1407
5467
1012
854
2803
4763
2253
1045
6987
494
2694
424
3438
2987
7228
1161
2009
7735
1365
787
15
884
4938
103
198
2687
6590
1293
5878
6891
6326
1553
1508
493
7138
2671
7981
7443
7612
6414
3692
1165
366
7945
7955
7086
3646
300
1343
4070
704
5630
8212
5142
4544
577
3381
7310
1247
5708
5665
1650
3163
632
4272
6245
1159
4753
4785
5916
7864
1901
1659
2394
5534
4962
4027
1003
1251
1444
5023
2181
3682
258
418
5762
1376
3870
1662
2159
4349
5055
5221
87
997
773
5446
6735
3309
7132
1223
227
1873
1533
6540
3452
2685
2613
6531
19
7399
1200
6878
5744
1539
3344
2888
1449
5981
6580
5874
6839
7429
5930
2099
5982
7585
714
7600
4171
6510
7059
5863
2580
6227
4103
1290
5548
2760
3406
7297
6601
501
376
144
767
5027
1612
6361
6347
1136
2300
50
6097
61
7586
8110
3282
5198
5882
2018
5294
6623
94
1621
7441
2465
1737
7406
2469
5750
5934
3397
977
481
944
7311
1983
3103
7570
705
2505
7690
6015
3594
1542
4482
4639
6028
851
7053
5207
7491
1529
2946
8068
7564
7338
3214
6063
5014
6606
4909
285
6182
4135
6338
872
1385
4010
5764
5950
7456
1286
7563
397
5913
4635
6870
1228
1742
1434
4268
2778
4039
1559
1716
8192
5713
5153
338
4797
2395
1511
6284
3639
6106
3808
537
8033
472
297
7232
1880
5230
3785
4977
5025
1043
2349
3573
3236
3629
5408
4549
1136
5688
8182
1781
6459
3586
4094
7224
6232
3669
1333
694
3003
7825
74
4926
5232
5052
4721
3990
4921
1816
1409
1139
6550
5492
6452
382
1154
774
334
2732
1335
1335
1515
2149
2581
32
3810
7038
7764
5809
879
203
3716
3290
8160
1708
5747
5256
2698
357
5925
5719
1672
4552
5773
1543
7650
1079
6073
725
6717
7113
6992
1550
757
891
4119
4647
969
5395
7200
1275
1116
7186
2415
1307
1114
6371
1547
8101
6243
3776
1731
1541
3911
1842
7404
1952
5637
1768
27
3693
5267
3196
6057
5649
1902
5373
48
5115
5043
2573
5086
462
2658
728
932
195
1302
1276
1255
3786
7548
7904
2759
5551
7962
7270
368
7350
5437
4255
6010
2475
4807
4604
7880
4102
7124
2255
1320
5248
3145
5520
6267
1564
5647
1399
2421
1381
7916
1060
964
8204
615
6690
976
8022
6214
3874
1124
264
1190
1084
7324
4862
5529
2991
6244
194
1361
275
5152
3030
2499
3315
2036
772
878
6971
5703
7778
1688
1462
3574
2725
4029
7687
6651
1647
979
5109
4149
754
2974
1067
72
551
5554
570
785
2764
1518
2186
1351
1574
3367
630
3668
2731
4711
7890
519
449
2822
4045
1247
8095
311
7924
2586
7309
7444
1248
7504
6556
292
6442
6970
513
3519
2850
3657
4736
1311
2575
2582
1005
5119
6705
470
5707
6536
5379
3437
1073
410
8032
975
899
5306
6955
1127
141
7673
1594
1091
1797
5165
5875
726
2508
2054
3371
1449
7794
7731
2837
6393
5677
3697
4548
7827
6772
3054
3399
2299
3051
6473
5244
1457
4115
91
3384
6739
6162
6898
3662
3149
6820
6187
5099
6872
1795
794
7907
7235
4165
816
4994
3496
4924
512
5901
1252
2404
6
2841
1350
4658
1108
7393
1186
591
5969
2810
1669
6351
4964
7872
291
1623
6478
1453
3056
785
372
4360
180
4176
3345
7468
1501
766
156
3516
2061
618
4469
309
5944
2500
7762
5501
2544
5195
3179
6231
3864
415
132
2305
6399
6186
1231
439
3735
755
3394
2602
2722
6469
3079
4065
7817
5121
5640
1087
462
3627
5308
4774
3570
7363
230
907
1626
7327
5394
6614
49
5401
7644
838
7373
2131
1461
4945
579
833
1174
1463
2189
1220
7754
27
6885
7857
2445
4215
795
1964
3473
894
1611
1759
6577
747
6340
5457
1599
2710
8096
3358
1534
7698
6988
4472
6930
5912
5167
6660
2331
232
7279
8037
1339
687
4261
2362
3128
2740
4738
3260
148
232
7425
487
1545
91
2066
5465
527
7392
1439
2802
1591
6952
7103
4685
1386
1406
3208
3055
8198
4095
7931
4067
6433
1491
2339
1662
828
583
2411
8240
2835
575
417
1668
4801
6107
1312
2883
839
4978
4883
946
1369
1926
1294
1619
8038
2125
4888
8007
5556
2227
6277
4313
1558
7789
3354
6091
6348
4998
1841
1548
5334
5347
7061
7369
7
1697
8218
8164
3116
362
4125
6327
407
3659
3959
5016
7533
837
2609
2673
6607
3565
1358
2495
6394
1210
3592
7511
2417
7605
1443
7599
1345
6567
558
7389
6737
5464
210
6185
167
4574
2661
379
2434
4682
6604
5975
5511
826
6881
7664
4068
2311
4996
4314
7948
2763
3757
788
4019
4014
1917
2268
6687
6755
4907
4995
2631
7729
1742
4919
1172
837
2277
772
648
6120
7927
5208
4390
2265
1970
7280
5303
6759
7298
793
4874
1243
5938
123
3038
7759
3717
1128
7921
1150
4687
5203
4726
448
5159
8109
1920
3365
5694
563
6029
654
5700
8015
3011
3891
309
6003
282
4656
593
4643
807
1554
4943
1091
301
960
3814
1608
5482
2003
4788
3825
1382
3905
5399
1846
2267
1673
337
1036
357
5277
8043
108
2354
918
2706
387
478
319
7919
6999
3400
219
3813
4206
364
4456
1903
4529
1032
249
6013
6865
6683
1017
8060
2369
2214
3952
3932
670
8104
7528
6708
2900
1785
1861
251
5440
6890
6169
1668
669
8176
6588
7970
813
384
6321
8209
1008
6317
1680
2678
7243
82
7221
2784
7229
25
4227
4859
540
5453
1533
4812
4702
2786
3080
7346
2092
179
6156
4565
6391
1094
2233
3649
1283
1153
939
1663
3994
2767
8227
1672
3450
2630
1687
1464
8129
6635
6906
6949
910
1957
2866
2073
2571
4911
4889
1081
2979
1913
1856
4011
385
3112
4387
3491
80
119
1450
6153
4164
6504
4197
786
4072
2933
3698
3723
6507
7475
3096
2306
5893
496
6570
42
308
2585
6781
3332
7676
992
1551
2037
6713
167
3308
2743
5751
5444
2069
5341
3485
2729
2100
1478
7251
5803
7420
1040
3634
5867
1615
1039
239
1106
976
5858
674
8099
1493
1380
242
3703
1628
966
367
1041
626
3288
7508
4225
4631
5679
2396
3239
1061
680
205
5518
2086
7291
1806
1253
4007
587
955
6236
1002
8207
1318
1839
6980
2377
565
7055
1373
3148
5885
8009
247
985
641
3427
2780
5243
1314
7582
2776
5116
801
3719
5356
4952
4186
4963
4109
3052
7197
695
370
6237
738
4433
1521
1941
62
4915
278
7044
602
1451
8026
6297
2693
6573
5441
2291
7550
6547
1073
1121
5489
5698
610
2953
5691
3407
4269
4714
7211
7299
163
6566
6173
8184
897
6937
2707
7150
2234
7051
4163
7818
1656
6565
201
5360
69
4550
927
7557
2589
3937
5702
4813
844
324
2480
3073
5748
1398
5947
1661
2929
1942
4047
5176
4303
104
7422
10
3966
7807
7498
6851
684
388
1255
1523
307
3101
5276
6649
6201
6280
1168
7635
7584
3064
7411
5247
814
511
5160
617
1574
4623
7212
6406
2200
1740
5712
3241
4396
34
3606
994
3376
855
7010
339
322
740
4950
4667
5915
1294
4629
5659
525
1722
5367
552
5636
4677
5214
352
1723
8229
1724
5790
6681
1466
1237
7812
7775
1682
5049
5488
461
403
5728
7184
2283
168
7380
1109
2912
6770
5886
5746
6638
6266
6629
353
3992
450
217
2115
6128
1182
7792
311
5853
4823
6810
8078
2058
953
973
5059
6801
5212
6093
7712
7014
3253
1700
2548
1410
6021
417
5046
6322
4920
389
1857
896
3871
14
5583
1225
650
6341
2251
1221
5931
4066
6480
3958
4008
7239
1669
3632
5421
7277
873
2695
986
6722
500
306
2761
3173
972
509
3135
5672
7578
7356
1560
351
5876
995
51
543
1035
5740
5460
385
856
1342
6917
4506
7261
7739
3796
2317
7337
8039
1986
4896
504
7206
4234
1203
2524
5628
108
6656
1543
707
5426
65
4470
1633
3139
4317
4767
7774
7379
3616
336
7704
2142
1810
4020
2818
5031
4141
1450
7910
438
7933
1634
4471
2035
3185
3845
653
4725
1610
3402
2074
2065
2853
1000
5877
341
5926
6575
2293
466
3645
1628
6400
529
7535
3754
784
824
1363
2281
1992
1492
2574
4142
3246
1248
5293
465
5396
7696
2793
4541
3915
5577
1257
6895
2795
1714
128
4399
1370
6282
3108
1687
729
6450
8069
6422
433
5725
5914
5063
6431
4097
1145
193
6230
401
3082
2636
6429
7896
4144
3961
24
4250
5182
5949
4981
5461
6642
7418
2817
244
4123
5095
2016
6202
5345
7559
2068
7999
6146
7046
7154
6386
577
3374
1852
4043
8030
7679
1448
76
628
6461
1581
1694
56
665
1874
2657
6756
373
321
1252
23
5879
707
2708
7383
4517
2594
7483
6997
97
926
3963
6662
1429
498
2271
1474
489
6443
2298
6205
732
5416
2567
1688
7515
2880
877
4069
4055
18
30
209
2648
1135
6238
147
2516
1416
451
752
2800
4302
6440
7364
2881
1808
798
6398
7325
7614
1618
7426
2916
293
7094
4716
4566
4281
4879
6408
4479
773
3791
7119
657
7485
4972
1500
3442
7642
192
7710
1430
1670
7988
2901
2095
1523
482
4525
2876
1805
1991
1431
4398
54
2187
3177
568
2770
539
454
834
97
4180
6313
3189
4295
2110
5286
4804
6976
36
6680
6554
6698
7653
5432
5674
6838
5296
340
1475
550
5128
4475
73
3364
1033
5673
6175
75
6993
3605
629
423
1790
280
971
3273
6197
5575
3385
63
4487
1996
844
2676
284
32
6374
223
5205
7646
769
3277
3123
1985
6560
2675
1038
2980
6131
107
7546
2015
8025
6813
1616
175
1630
2992
4674
861
5743
6900
489
7198
1851
7507
1721
3710
2040
8107
4504
6076
7888
7839
437
7932
68
1045
2215
3152
662
146
1693
8064
5883
5422
3093
1645
777
1577
1414
7756
2716
3514
889
6305
1273
5042
4594
2212
517
388
1969
788
3666
3658
2903
2557
6489
350
6940
2059
492
3597
3351
1026
797
6925
6030
1653
5645
1081
977
6974
316
5507
7813
7596
574
250
5400
170
6438
5614
6072
941
3268
1207
7215
652
3197
361
1998
456
767
2050
115
966
1386
6516
557
5956
5979
5038
2287
2041
7709
1435
1711
1140
345
4096
3822
4638
476
4361
3907
6815
446
6695
5800
3119
7976
4603
7819
1346
3706
1537
353
2637
6058
447
6129
5168
7217
7745
7258
1679
7230
279
636
52
473
829
3111
5262
439
4297
5224
5987
1113
4872
8014
5568
6485
845
6553
207
869
90
1479
5190
598
3102
7554
1244
696
6853
1644
5880
4423
775
4091
1010
4245
1577
7740
661
2436
267
5249
666
4917
3283
1162
3004
7268
8225
3483
2426
5517
3060
497
586
6893
37
8063
284
721
5048
8174
898
6986
852
1704
424
3832
78
6689
6520
3683
929
7575
96
736
1744
6751
8044
6457
6497
1240
7073
558
748
1655
6082
198
3276
8210
6022
535
4306
967
1468
1735
7240
758
5006
391
4514
5201
1646
356
7382
3380
3140
5336
4852
3868
6307
6587
1977
7365
5180
3226
4989
61
3453
5278
318
492
2610
7461
965
5686
5946
253
4526
1150
1674
1321
5709
22
440
3181
1301
7043
86
6045
4292
978
1702
4005
1131
40
7581
1940
77
6401
1973
1030
7636
2328
7208
5870
4817
5690
1324
6113
3464
3035
3671
2672
839
5729
7608
136
1508
3853
6679
689
2295
567
6873
1641
1370
132
2596
6944
5383
2633
2734
181
3881
3340
2502
58
655
3463
5919
3978
4058
4611
4636
7334
1
4569
5436
1660
7493
7139
988
3297
31
1437
8189
1441
1593
1119
520
595
851
8194
1369
6508
1597
287
183
7108
4980
5817
7292
5810
176
1139
3536
1550
7738
71
7851
4870
6387
7562
902
3545
179
957
2070
2836
637
7661
1121
555
7207
4835
881
650
1494
4509
8246
530
1603
5114
5797
3319
6018
5701
4460
5658
2561
3
7545
1192
124
518
4378
6396
3461
2401
8006
157
2273
2966
6734
3600
4282
1124
4521
601
741
1518
670
602
6808
6378
7253
3633
7540
8247
5451
5574
327
1994
4074
4608
5363
968
4449
7616
989
313
320
7385
3240
3432
2372
2350
7799
2365
8130
3134
20
166
5255
4782
8000
5122
6142
158
4613
5976
5319
7697
1154
2848
7692
7884
5722
5660
1604
3803
4130
1568
76
1602
2562
1100
2105
6081
5971
1099
485
2093
7083
8222
1469
7417
3478
730
803
3969
7039
4538
5535
629
6132
302
913
6826
2386
4805
4283
3572
84
171
7290
6397
7282
1435
5455
8
1516
359
1023
2615
6320
2839
5475
2263
4740
4183
3110
7375
3492
3061
2551
1332
6134
7107
2952
8118
325
8082
4243
4580
1348
5595
5607
2968
894
83
7329
185
2211
1261
3700
512
771
1379
6318
4731
6198
4913
5917
4624
3440
4842
3132
880
3160
401
5646
1327
3993
2101
289
390
2604
343
7099
4322
2522
852
3953
7980
5849
5324
7188
6188
7573
7861
7352
7248
5768
8105
483
1528
5237
3914
1471
7372
3714
118
71
6972
7458
255
5333
7100
6664
1118
3852
6439
1966
7432
6978
1718
5158
2476
4928
1143
573
469
6360
3541
8048
2982
1707
4527
7105
2748
1064
1779
3538
3209
2080
3681
7070
4232
2329
1353
3312
915
1579
2682
3684
724
5695
5608
7213
7954
6620
1426
3612
7769
4000
8045
1145
1400
6742
8144
5829
1573
6040
5148
917
231
7161
1468
8055
1072
233
6797
4901
26
6176
7332
1235
8017
3797
822
2203
1050
63
938
5530
8161
4869
901
561
3439
5242
734
5192
1237
6344
1664
5727
757
2416
34
442
368
33
1160
1019
3404
2400
4258
805
3950
7171
1350
6673
6996
3480
5581
4534
1044
1037
3176
6139
744
483
5476
3801
2659
644
4693
7715
3753
6352
1739
878
1520
532
1047
7629
6419
2486
3730
1555
6056
4279
6330
2184
297
7018
3382
831
430
6941
784
4755
6551
20
952
5321
6950
2197
1278
5824
4408
351
3223
6732
2378
346
1793
1480
5386
889
6404
3968
5191
464
6270
2038
2276
2774
6411
2527
1125
4362
6447
5310
243
3613
190
116
1746
1316
7122
1246
2064
1689
680
3500
689
3556
8242
4344
1184
768
7012
7319
5699
3409
1452
1569
3635
5965
1149
2359
5164
6240
7275
1692
631
387
5266
5454
8165
1506
1094
6448
6979
161
1710
3731
1104
7033
5788
442
1056
187
6103
4265
4829
6969
1198
6636
1180
5234
6823
1175
4696
1506
3763
960
868
6405
5211
8186
4709
6641
846
7835
7836
1436
2208
719
706
2452
618
2534
4573
5332
4599
3584
310
2884
5580
847
7871
1567
1600
1016
6432
5226
1525
7300
4749
6283
4868
7040
6626
4042
1597
1458
60
893
774
5185
4160
2204
4354
8166
1853
4794
4803
520
3539
4974
7159
4128
3171
7603
7707
6719
2325
3996
3127
7852
3489
709
482
2231
2180
2217
5327
1166
47
5889
1353
4512
274
1554
8072
6603
1639
2127
6090
5435
7928
3234
5268
2646
13
426
6668
1295
307
8195
1617
6137
215
3804
3445
6506
1442
5305
70
8041
908
2970
1194
668
6166
4559
4150
5905
5681
286
6511
5479
100
2656
3426
3707
178
4087
4173
868
1711
382
6044
1679
4648
299
6354
6818
7795
7973
582
5687
4202
7538
8197
7409
4958
3971
4493
4946
652
7408
873
1666
2007
7985
268
6910
2450
6174
936
3229
7609
2832
6196
747
220
2109
1635
1206
2945
3699
982
383
5139
7340
7437
973
26
7828
19
1492
716
3508
1271
6793
6977
2156
1951
5050
366
1613
744
1299
1402
604
5760
7717
3311
4168
4210
2151
3896
538
937
5579
4264
2867
859
172
1792
1372
1284
1295
4986
7781
4112
5833
857
7583
570
1455
5355
2623
1263
111
2600
122
422
224
2005
4724
1650
2975
7691
751
4810
824
4481
7442
1087
6549
647
895
1152
7069
2380
3680
1891
1733
1860
2096
1615
2911
2076
6538
510
3350
6579
1462
1383
1604
3727
7772
783
1292
5972
3604
920
6665
830
7250
526
6782
562
762
2119
7470
1646
1883
4453
4808
233
7032
1749
2270
2744
4465
8018
5174
6576
235
271
3428
5092
156
5711
796
938
5098
4187
7192
1156
5477
2256
6144
1316
4699
5
5311
8108
1070
252
1405
7875
2906
4815
7488
1020
992
1721
7447
7732
3795
3031
5329
369
1286
1251
6544
180
2939
7042
2118
3828
1982
1585
491
1858
2081
4773
1620
1686
1933
5410
5120
1195
1300
6503
1470
7204
6466
7370
7194
5655
3454
621
677
616
1965
2808
3499
950
8173
1709
1801
1192
1900
5380
7979
1497
127
7878
2709
2821
8146
102
508
4394
1602
6007
4488
7176
2947
1130
4985
6850
2777
885
874
658
6136
3446
5837
4694
7052
7009
2347
2248
2990
7777
4701
404
6254
521
2084
6644
3920
1491
3085
4226
1089
5494
3045
1042
6602
2340
6866
7977
8163
68
125
312
6581
7589
5968
4768
999
3728
5928
4064
1944
4988
1173
1226
3084
6812
6798
5077
5550
3987
967
114
404
3195
2608
574
5443
2564
2116
6611
4967
1859
722
7989
5480
3879
396
4860
6472
1696
7331
3469
7259
2261
869
2895
7322
1072
3162
922
4680
1334
8152
8200
5154
4382
6492
1595
4756
1046
5544
3502
3201
1885
291
314
3337
3589
4242
1705
3964
5896
1480
526
4903
2893
6161
1855
3237
3183
2641
2576
651
2842
7638
862
1393
2829
1355
560
5854
1954
1236
7531
4686
1137
584
2540
455
7720
7172
2464
951
7736
5506
1579
7067
18
1391
1229
1423
1720
554
1640
2713
3166
2717
3854
7873
1665
488
3530
4637
6787
2622
4117
5498
6545
98
3805
4022
8171
8085
1539
4515
7306
5653
407
6223
4798
5871
6388
8208
4793
1055
599
6774
6333
661
5592
7353
1260
4857
8139
4296
7982
7523
6014
1451
3614
7877
1547
1509
6339
2908
1296
5651
6303
840
4914
5706
8215
3024
5069
2905
1599
2590
7823
6065
3330
5977
5091
4343
5545
6928
1729
978
4146
5322
1614
4157
7617
556
3302
1627
8244
5911
1761
3931
28
1417
740
5720
7503
7249
79
4414
347
863
2332
1318
2459
7170
1123
218
4357
1424
1366
5552
3900
1395
2289
4760
5101
4246
102
1216
338
7407
3359
2201
5045
390
7551
4365
700
3403
257
4783
909
4154
7006
1718
3042
8131
3997
1197
3121
5736
7752
7733
282
3970
216
365
2113
7037
1928
651
4138
341
5058
2773
411
1640
3615
875
2408
4665
2606
246
267
412
1272
3526
335
5449
662
3113
2343
402
2342
4053
5463
6779
1425
2614
3242
4108
3888
7415
2999
4389
3872
6037
4561
5734
1204
1362
4
3232
1620
6219
6377
4633
7101
4455
2207
2249
7203
1714
1488
7866
7054
3284
1241
3188
6887
906
38
6148
1512
2703
437
1097
1498
3184
2663
2845
2144
465
211
1413
1582
121
214
1261
1630
8056
1366
95
5723
155
6922
213
327
6524
1736
170
855
550
1589
1746
2117
6048
4531
2644
4809
7662
6984
7649
7058
337
3231
7396
2294
4895
1224
6295
251
900
289
3595
2338
2468
3202
7074
1605
794
3780
6814
129
2750
3353
6552
1446
8180
6502
190
812
5814
3551
1214
4291
486
5150
2924
4331
1507
3211
3263
6985
2816
1218
715
5318
4802
5842
2696
5513
463
6720
1108
653
5403
7057
7579
7216
8167
940
660
6946
1308
2496
4747
1566
7112
4592
1235
1035
5585
6948
4941
7333
6350
44
1185
321
1762
2056
3779
888
110
639
3928
6369
7077
7455
7946
7
7017
4089
914
3783
236
1478
3823
6487
5986
763
1631
3768
2692
554
1487
723
5133
1163
2078
7956
667
6151
6256
2428
3411
2914
1689
1280
745
1474
1822
1751
2913
3566
733
142
5429
82
988
3793
1359
943
1760
2012
4298
1588
1465
6650
1658
4457
8013
51
6050
7909
1532
204
6896
3569
4494
2629
1259
3517
5591
622
6655
4897
6060
2341
315
2017
1455
494
4241
7075
5398
7285
7111
688
750
7684
634
6342
1428
6883
7517
8128
6476
1794
7448
1426
1530
4351
3989
671
5974
6501
5935
7064
1022
2890
1412
1115
635
912
6612
1636
7682
1274
1469
5124
742
6761
4589
6804
898
5572
6920
1283
6600
1117
7123
1888
4719
241
902
393
2336
3443
5791
805
655
1728
3856
495
2719
6133
4664
7226
1651
5033
1774
4939
2942
2812
4301
1367
5279
7169
5072
4620
1465
4954
663
909
3299
5599
5765
7902
8205
3430
1202
1015
1275
4004
2245
4454
6981
4993
5906
2237
6685
7362
3378
1776
1014
1875
87
510
961
6589
1018
5957
935
6854
4126
1279
3721
7874
2493
2634
2494
3984
308
7004
262
4713
1525
2308
561
2771
70
4031
99
6278
340
3336
7968
1618
4891
7693
4110
480
1509
7453
3243
498
6674
4335
6384
1657
3691
3010
1701
1410
7193
7658
7175
1024
8178
3267
3729
7846
2791
188
7565
2026
7519
4249
7469
5358
1685
1736
958
6085
2229
3346
628
3421
833
6248
668
6833
2232
5648
5258
5287
7391
5474
6209
1527
7840
605
5132
6389
2856
8084
1148
3313
6154
7467
7595
2721
2918
5219
1212
8168
3078
710
4951
1135
6792
4551
3194
6521
2112
1156
1791
1380
5417
6916
116
1097
7522
7463
1133
1654
4662
1200
3995
3494
2167
3412
6725
3558
3251
2937
6427
503
7655
4818
225
6858
910
4358
6886
4104
7183
6966
6827
7643
6936
895
1820
3413
2536
5522
1006
1748
6849
3718
4772
2053
6027
5030
765
789
7218
5643
2653
1522
996
5993
4447
5188
8002
4562
1222
5430
1021
5685
1661
6868
3154
1671
2570
4170
8092
5350
237
3578
2948
214
2165
1513
4193
2814
3618
7930
3607
2344
2611
406
3436
1423
987
6688
3363
1332
205
2785
6309
8172
764
1234
7416
7465
6816
5469
6249
1174
758
1605
371
2938
4730
88
1381
704
4417
6049
5669
5776
6357
5013
6608
191
4949
5473
1160
8076
2684
7621
6052
1384
1872
7304
6610
6730
217
4256
5044
6929
1277
7065
2001
5532
5330
7354
1126
1403
5384
8115
7952
5377
6933
131
1076
1686
4468
7181
609
4781
3942
6135
8001
6712
8211
1016
717
1882
2320
409
699
1958
1305
4036
1180
571
296
7826
3869
5104
1292
2259
7552
4450
1582
7768
240
4397
1187
1262
419
6130
3027
871
1027
6493
1158
2437
7757
822
2460
1119
2723
5983
1347
4085
6140
5471
5264
5131
335
3512
1706
381
1813
5601
1028
6273
1095
5412
1993
1077
7093
1560
1487
4177
997
5388
1107
333
164
8087
1588
3218
6423
120
5898
5340
5187
386
1193
3487
615
4780
1298
2755
6561
2616
6909
820
2747
1584
126
5846
2892
66
4113
3070
8005
1447
5861
2145
3575
959
6562
991
1918
4630
7587
2739
6490
6356
4597
1017
427
5382
5716
572
7628
7079
990
5780
1181
601
4792
677
6844
436
3892
5459
39
612
215
4079
955
4367
7395
3715
7942
6535
3206
1351
4761
3501
2976
2333
3550
7313
4733
1159
1311
1725
1142
298
4188
2775
7257
6234
4741
2302
3660
4413
1010
3317
7163
3316
5921
924
6880
3638
7632
1129
54
7526
2874
770
5781
6746
2397
4819
3015
7737
42
5280
3303
459
6147
4500
2258
6275
3630
432
5514
101
7153
5414
2519
3906
5656
3976
5141
1029
7092
543
6667
500
3326
2902
4372
4739
2826
3244
3790
2179
6364
80
5005
6806
7281
5433
2513
5370
2639
5569
3225
6637
4405
491
3816
4476
981
7438
3601
541
7023
3831
1433
4098
241
4833
3200
4224
2385
597
21
6658
6701
1732
1151
4908
3220
4333
3965
3375
2410
28
945
3398
304
5639
5284
7412
1485
6289
1728
3062
7901
4167
3115
4997
6899
3227
16
1658
5037
7247
1578
5372
1972
4305
2240
468
6184
383
7855
804
4432
451
2155
4957
7591
3506
700
3295
908
7484
5041
7497
4497
3936
7518
2257
7367
2944
905
8050
1473
7264
1415
8117
6158
1095
6395
6530
380
2886
2977
534
7576
717
6532
1004
346
6178
3291
138
5251
3751
5428
5082
5638
1612
596
4137
3037
3002
4769
6239
7613
2047
4612
4705
499
6753
990
5369
6314
8083
7295
951
2134
2700
4057
5616
3588
77
1067
4233
1527
6483
789
6938
8238
7499
6829
1082
6291
4356
1632
3278
1175
228
775
2312
8135
3205
4900
1379
915
4595
7654
4325
2169
4320
4161
7049
2986
2467
3778
64
1110
4841
1298
1963
6051
1322
3023
173
2927
817
1328
1569
2103
6359
158
7663
1866
8098
864
5772
1884
6228
2199
6005
3656
6721
7244
1395
4577
7130
2057
1904
1326
1979
715
854
7543
8157
7844
7886
6618
4831
2790
6836
610
3322
1411
7516
1398
1578
204
6250
4839
1886
4600
776
3285
3147
1526
2917
2120
1219
7377
2129
4388
7368
930
1678
48
545
1372
1499
29
4438
2461
4864
181
6379
3983
7056
5344
1660
683
2039
6195
675
1051
5034
138
1943
109
956
1922
7802
8031
1732
7272
7843
1830
8143
2985
522
3370
358
1315
8149
4745
1674
7607
1481
5241
7786
5596
1549
673
779
1675
585
5990
8199
3468
2195
7651
5290
3617
1325
818
2280
2062
276
1201
5774
2851
1563
4784
3643
408
3105
665
4586
7850
1642
1829
6558
354
4062
6102
879
2427
2222
827
6054
606
672
7959
8023
1938
5393
2554
745
7667
1249
643
119
6315
6518
6299
1212
1635
5923
838
4571
230
5273
1448
1652
3761
6926
646
5495
5593
548
2358
3360
2140
6747
2409
7688
3557
7529
6867
139
3893
6300
4156
1365
4352
1949
4216
7166
3518
904
829
5516
4689
35
459
1231
1432
5936
1544
399
1402
3770
1223
1532
1419
7128
968
2108
275
5624
7222
6410
8004
8224
484
7435
5769
6039
3143
3314
6780
3124
1304
4342
3261
540
1382
4401
4922
3334
4155
5008
1203
1512
52
5183
1818
1375
2269
3207
6771
6436
5835
3901
2794
787
1100
4190
5481
1701
6794
4621
536
7689
3951
632
1910
949
1079
1389
177
4956
6155
4466
8196
1068
1690
1011
569
7487
3623
5075
4024
1161
6458
1733
1013
4426
4511
5755
7530
7834
513
2063
3777
7967
1264
3531
6221
1890
7305
1747
3927
7841
6967
4942
5427
6430
7506
7784
2691
1536
1622
4795
4133
260
6799
8086
4207
6830
1787
7994
1878
7816
1127
883
922
3619
3087
4462
7597
1219
2971
8233
2488
331
806
2670
7260
1819
3028
7746
5297
1085
6246
4299
4415
7449
1059
1619
1250
139
1708
1319
2390
3213
7903
6426
2292
1783
6632
127
6710
4118
2374
5848
4673
2448
7532
961
5626
6080
5960
7734
4984
7577
4040
6670
2563
658
5857
1240
2660
184
1317
4274
1443
4235
6019
2677
1719
760
7659
92
8193
6989
5392
421
8228
2020
2252
1146
470
7160
5786
4659
4728
7388
3352
1348
5402
2543
344
2642
43
89
4099
742
6652
5509
581
154
5108
3169
2361
6074
3755
810
1019
4651
1123
269
2733
425
1132
3252
836
426
786
5029
1489
172
5448
4614
1113
549
7870
539
1561
4735
5812
4148
4575
566
2174
2869
947
6116
1068
4289
1018
8126
4084
3025
2205
1626
479
7824
2
6271
5843
1556
5415
3956
7060
2046
2603
1233
3866
1456
5260
7806
7152
4778
3479
6764
380
3799
3068
1848
3830
928
3650
7351
3065
2318
6002
1614
6796
4266
930
7908
1025
3876
4348
5339
2348
8235
6425
505
4723
361
766
6692
4750
93
2029
1254
925
7402
1313
5635
1496
6741
5865
1109
2782
5431
3157
1438
1460
1371
1390
39
4606
5684
3021
6768
400
4492
7479
4221
4355
1987
6947
681
2737
5558
2528
1041
993
701
5012
685
7307
1545
7071
752
3734
5149
924
578
4364
6381
7140
6012
5094
88
1179
5745
4530
3576
1412
3138
4622
2024
2726
8
7341
3172
3887
820
2680
3767
6194
3233
870
7860
1703
1404
5231
625
1703
7287
6123
587
5010
3834
2891
3448
7454
7189
2873
1566
2758
3746
6789
3528
4327
2964
676
1988
2373
2757
2762
1376
7615
6200
5799
66
1484
3486
4147
4645
1749
5218
2025
1164
4558
3704
1863
2854
151
7386
4844
1699
6468
666
606
5021
1676
7842
7881
7929
3789
7451
954
2852
1876
7665
6983
1388
2123
2021
7072
6723
3388
6150
7961
1024
3857
971
2857
7397
5582
1598
441
2052
4338
7242
1616
7013
6334
1267
892
5026
3338
5671
4238
174
872
6703
921
2441
6067
4712
5028
935
6733
7574
7992
6024
3114
4484
7180
4973
8124
7450
2114
6290
1906
1086
5407
7343
1683
140
3560
630
2223
5320
2577
254
4478
4999
7708
2962
261
2727
1208
4858
1411
6777
1401
5254
856
7879
6006
726
730
7749
4707
840
4430
3585
5888
6534
876
431
608
4886
2801
7971
1516
3141
4932
7430
5617
8079
708
607
2625
3603
6901
6962
2327
870
5839
1715
8162
6177
2082
681
8066
2477
1568
2861
989
6451
5123
2681
7371
322
1827
8206
395
6464
6032
896
5932
1745
7505
1684
3481
301
7480
1038
1188
7278
6068
7328
3665
6001
1303
533
1459
2139
1241
2823
4695
835
343
3903
7308
4420
1064
7953
5519
6663
603
3918
165
3159
6095
4205
2674
4737
5011
5093
2388
1536
3258
6522
1666
3130
4854
3981
7146
2392
579
7541
3144
6486
7728
1534
1911
6407
5897
3894
2011
3599
3325
2085
1493
5961
1526
6593
1052
7625
3819
3343
3029
5954
2353
6903
4930
240
4987
3254
2162
329
5366
983
588
5309
8245
1157
514
5796
4591
393
6975
413
314
1609
4319
6943
5845
2738
6368
5652
2565
4383
5683
4328
3151
4185
7997
547
1440
2419
2930
2878
7381
7466
3264
861
1567
7744
1054
3047
7701
5270
7821
698
6362
6253
5864
196
334
1245
3818
2433
2550
256
2418
5731
3490
2111
1438
604
1101
1213
6819
259
3182
2830
7500
4192
1778
6204
3809
160
1347
5113
210
1088
821
5515
975
4519
1034
3548
3279
477
5920
827
182
4434
884
7606
537
65
3014
5546
2805
7598
1050
1106
1422
1553
6372
4655
7110
6125
8243
40
3089
1256
7641
4016
429
1186
7000
7624
4223
1807
4129
3851
1745
5834
400
3377
5004
1603
1393
622
751
1503
6526
6628
467
5253
155
4982
5815
927
931
4018
7148
396
1596
2141
1825
1162
1062
1433
463
4960
1324
117
7645
3540
5767
5439
6428
1289
1501
4307
5368
3725
4203
4654
6269
7118
6908
6848
1060
7296
7934
5783
627
1262
277
2506
4270
5485
4035
6654
2370
4543
6099
7457
3923
1392
3800
1040
1074
1276
2182
5194
2652
1403
3391
7525
218
4310
4273
2943
4727
1421
3012
157
1680
8249
151
712
793
5105
6693
5161
111
6310
3676
1623
8181
137
8102
283
1355
7544
2089
7428
6645
2518
1282
778
5894
8231
2498
691
7273
1467
1197
2371
633
7668
2143
3941
3636
3787
1916
4582
1519
1655
3476
162
6995
254
6218
1383
1011
2262
4407
8008
3410
7949
1524
1472
4200
7514
6706
5588
277
8091
594
367
1297
1871
474
1727
946
1196
2865
1441
288
6098
4427
6613
6345
6672
5668
7209
1741
7868
2221
1945
3678
2175
1209
535
791
1453
7125
1737
3940
197
1445
987
2632
4247
7947
1168
2828
7142
3878
530
1340
556
1589
1544
4340
5759
461
1754
4379
3736
3175
1361
2749
1238
4934
186
3039
5143
980
7134
3722
3076
5650
3910
634
1758
1476
3192
7524
3032
7315
5173
524
7326
1196
686
6919
1538
7963
1233
5483
842
7622
2926
1748
4359
7494
5217
551
1541
7509
7116
5543
5752
3765
5447
7087
1406
2485
3198
5151
473
161
578
816
916
1590
4189
6412
294
2588
866
1511
2275
