250
repeating
134
64
5
198
98
201
107
45
14
193
155
9
123
167
22
131
77
203
24
3
16
56
36
17
28
96
22
47
111
197
28
84
185
12
186
141
178
103
128
173
94
25
30
78
192
81
1
5
174
26
82
33
139
3
162
26
132
171
142
7
69
42
34
190
35
13
55
23
106
68
161
20
4
135
75
165
50
191
18
40
108
46
164
52
11
99
27
48
60
202
176
91
169
153
54
116
57
143
1
177
160
61
15
24
14
115
37
71
172
19
10
90
72
89
184
88
179
20
144
170
12
189
140
196
4
53
154
8
110
156
175
51
104
182
137
204
151
187
21
17
41
147
65
181
8
79
41
40
36
30
195
112
42
2
43
125
29
188
100
101
2
121
21
16
6
113
39
119
166
114
130
194
180
126
6
159
43
145
105
200
76
148
10
59
0
44
70
0
158
15
39
18
127
122
29
33
49
183
149
32
58
97
102
37
80
138
66
124
163
23
7
35
133
74
63
11
93
38
73
95
146
31
62
199
19
85
86
168
31
32
13
67
38
117
150
120
152
129
109
34
25
136
205
118
92
83
27
9
157
87
